1.037348
0.761349
0.733760
0.710637
0.615714
0.572053
0.730958
0.927076
1.072580
1.188043
1.241383
1.385778
1.589077
1.806284
1.965664
2.009163
1.986057
1.859543
1.654523
1.338333
0.697683
0.633545
0.599152
0.558000
0.406021
0.374316
0.533357
0.680260
0.770376
0.736965
0.638997
0.713033
0.929037
1.231527
1.441569
1.528601
1.541753
1.425203
1.229843
0.999388
0.673436
0.600083
0.533111
0.409193
0.242815
0.254580
0.362762
0.508287
0.632273
0.570342
0.456070
0.503372
0.774730
1.144948
1.390615
1.533675
1.576649
1.425935
1.182284
0.971946
0.652070
0.571168
0.424084
0.232306
0.105628
0.095161
0.142273
0.291908
0.444928
0.446416
0.349993
0.408089
0.725736
1.125204
1.418696
1.593954
1.689502
1.520574
1.228638
1.000947
0.559179
0.435811
0.289841
0.150241
0.039989
-0.017513
-0.032701
0.017524
0.133380
0.168833
0.071520
0.150402
0.482085
0.920711
1.264785
1.504885
1.659313
1.468279
1.184176
1.004510
0.516167
0.435446
0.352695
0.192598
0.046134
0.028229
0.060775
0.105115
0.273381
0.391534
0.347795
0.444808
0.713515
1.112458
1.457104
1.703257
1.839177
1.637244
1.313988
1.090915
0.651918
0.598924
0.486498
0.273254
0.057790
0.077284
0.170477
0.196996
0.368497
0.537872
0.567369
0.642565
0.827930
1.170786
1.514524
1.808395
1.949225
1.746836
1.429159
1.197405
0.809640
0.721864
0.597505
0.371594
0.054605
0.057426
0.130607
0.013273
0.073924
0.228238
0.295145
0.360872
0.474842
0.780810
1.190355
1.577084
1.740349
1.637327
1.423165
1.235312
0.887217
0.746581
0.650603
0.435363
0.064012
0.119028
0.206638
0.000157
0.019036
0.155384
0.317192
0.360030
0.367247
0.625040
1.033533
1.471387
1.652769
1.622026
1.453991
1.286602
0.952654
0.657426
0.509246
0.359478
0.035769
0.188869
0.343625
0.145523
0.138493
0.333095
0.621141
0.661909
0.627694
0.801514
1.194614
1.637972
1.733779
1.716117
1.612612
1.428119
0.979606
0.562922
0.411212
0.284059
-0.023804
0.217779
0.473954
0.343726
0.442383
0.763519
1.236493
1.355736
1.278469
1.407658
1.770981
2.154971
2.174627
2.145183
1.962784
1.630944
1.129498
0.661251
0.487641
0.389031
0.096885
0.344961
0.557178
0.391930
0.429931
0.727713
1.273182
1.364244
1.266028
1.365194
1.719919
2.136950
2.147811
2.144768
2.040829
1.740430
1.364982
0.931620
0.787094
0.705237
0.408555
0.581494
0.689142
0.441120
0.352398
0.589164
1.099193
1.154437
1.021237
1.062589
1.444173
1.871106
1.906409
2.033178
2.048652
1.782477
1.591922
1.248830
1.168139
1.098247
0.808184
0.939859
0.991932
0.715424
0.597293
0.768218
1.265302
1.291628
1.100251
1.114604
1.450375
1.841245
1.920517
2.085182
2.110844
1.857711
1.774748
1.465961
1.409044
1.414445
1.197271
1.344914
1.406023
1.190924
1.060965
1.214095
1.692524
1.689466
1.504358
1.457291
1.706730
2.029404
2.037548
2.142589
2.195617
1.958643
1.824812
1.562294
1.577040
1.628267
1.492309
1.660293
1.759812
1.623972
1.531170
1.682066
2.116159
2.127634
1.932047
1.836822
2.022226
2.230266
2.190615
2.268937
2.232486
1.938762
1.817121
1.561105
1.602060
1.710564
1.615977
1.748494
1.823400
1.655285
1.557175
1.619560
2.002196
2.022258
1.855156
1.834241
1.975871
2.161655
2.154750
2.169991
2.115609
1.892813
1.769660
1.491466
1.443011
1.519942
1.432917
1.582476
1.697451
1.628279
1.602818
1.694612
2.076258
2.118790
2.048905
2.052148
2.120972
2.263610
2.186891
2.162308
2.179582
1.965264
1.574033
1.316812
1.227933
1.234256
1.176139
1.318128
1.459338
1.500288
1.527926
1.687970
2.012222
2.113877
2.137490
2.146038
2.222013
2.263411
2.161608
2.199034
2.161625
1.858733
1.191035
1.026275
1.003628
0.999978
0.977862
1.055281
1.140542
1.170274
1.194969
1.316885
1.511541
1.641196
1.708074
1.776850
1.890105
1.893700
1.870515
1.931185
1.819262
1.551952
0.660243
0.634089
0.615079
0.464487
0.412890
0.440454
0.496184
0.579084
0.679256
0.816182
0.976525
1.154464
1.379278
1.617622
1.772614
1.818258
1.788830
1.654040
1.460635
1.155917
0.631546
0.620631
0.479111
0.292880
0.238966
0.260611
0.377243
0.487543
0.619239
0.773232
0.888134
1.058462
1.311455
1.625106
1.798921
1.819563
1.772490
1.595056
1.367138
1.056900
0.610326
0.474234
0.263035
0.132390
0.028780
-0.051120
0.007784
0.068267
0.247188
0.404847
0.480818
0.683579
1.012916
1.470051
1.705743
1.744582
1.702793
1.536321
1.296308
0.977042
0.453600
0.281791
0.134351
0.018149
-0.159234
-0.338529
-0.403953
-0.355683
-0.090563
0.063642
0.144680
0.352508
0.776689
1.379906
1.665495
1.745047
1.724162
1.559197
1.282873
0.949146
0.398961
0.233604
0.037907
-0.144990
-0.296149
-0.491777
-0.577732
-0.444905
-0.110391
0.073719
0.116461
0.275406
0.741077
1.374489
1.680045
1.747547
1.718142
1.555065
1.290147
0.965125
0.419002
0.273033
0.000447
-0.266967
-0.432967
-0.630897
-0.676053
-0.485897
-0.045974
0.229546
0.284372
0.466426
0.957920
1.644682
1.971841
2.046144
2.038095
1.804263
1.467125
1.089378
0.471011
0.409050
0.095821
-0.282400
-0.451967
-0.620200
-0.656217
-0.464693
0.000183
0.330826
0.373551
0.560044
1.046851
1.733293
2.103394
2.226470
2.221489
1.958592
1.608023
1.219782
0.537177
0.528740
0.186321
-0.206569
-0.297286
-0.413353
-0.441742
-0.336280
0.044811
0.340444
0.316608
0.457340
0.855327
1.487108
1.873845
2.031996
2.084512
1.860752
1.554633
1.252127
0.606576
0.617416
0.313275
-0.000912
-0.028394
-0.071119
-0.078563
-0.071839
0.204794
0.474104
0.395043
0.486324
0.790320
1.325488
1.711299
1.927237
1.980565
1.758190
1.529806
1.329426
0.707932
0.719986
0.401947
0.054670
0.053932
0.108086
0.173600
0.169667
0.438504
0.737647
0.684787
0.781143
0.978680
1.398120
1.771929
1.986391
2.024107
1.858431
1.654755
1.463039
0.839340
0.783923
0.428237
0.097149
0.062482
0.139741
0.223041
0.180837
0.418652
0.758707
0.804414
0.946831
1.132144
1.510496
1.902845
2.185680
2.224517
2.035001
1.835041
1.650821
1.034185
0.967708
0.640529
0.323445
0.268961
0.388568
0.487774
0.412161
0.583871
0.916593
0.989212
1.139048
1.267294
1.535527
1.933229
2.234090
2.226974
2.089336
1.948045
1.778682
1.285412
1.260817
1.027924
0.800981
0.764994
0.909399
0.993098
0.823609
0.883731
1.099506
1.152497
1.250298
1.262564
1.437074
1.794919
2.097238
2.123043
2.041761
1.929332
1.815693
1.568851
1.600817
1.483597
1.387008
1.351031
1.512412
1.567688
1.315444
1.239468
1.334191
1.347918
1.361419
1.295897
1.366439
1.665804
1.998588
2.009887
1.943359
1.926800
1.890189
1.769556
1.822245
1.742274
1.662311
1.639962
1.847478
1.968270
1.769948
1.702060
1.802289
1.852305
1.874530
1.755113
1.722212
1.954659
2.208959
2.167184
2.147042
2.119068
1.999283
1.818377
1.842165
1.804537
1.783941
1.748884
1.979868
2.163276
1.999326
1.988155
2.093934
2.226236
2.281709
2.147618
2.117037
2.268053
2.469581
2.415014
2.333712
2.222415
2.042822
1.803320
1.787161
1.744687
1.769392
1.748277
1.987075
2.144896
1.991386
1.918431
1.983370
2.110706
2.128213
2.032653
1.975981
2.096768
2.303874
2.202464
2.125726
2.083864
1.944383
1.695931
1.639264
1.582697
1.581671
1.570012
1.758077
1.885253
1.785131
1.716063
1.842502
1.981779
2.051806
2.016571
1.956812
2.122864
2.279510
2.164944
2.150073
2.076618
1.855621
1.529509
1.420297
1.336541
1.291568
1.290342
1.444800
1.568527
1.516968
1.531654
1.682204
1.854045
1.984129
1.978982
2.000363
2.153437
2.237490
2.158258
2.117513
2.032073
1.851112
1.236457
1.095055
0.989177
0.956212
0.979240
1.107662
1.226690
1.236746
1.314642
1.440509
1.609246
1.737689
1.776330
1.858625
1.939721
1.976334
1.913245
1.821357
1.816143
1.748398
0.701937
0.673570
0.664823
0.561481
0.479234
0.457658
0.566674
0.707600
0.814705
0.936770
1.029497
1.184928
1.400485
1.632665
1.796778
1.836314
1.814318
1.679331
1.475772
1.237923
0.735810
0.629389
0.544190
0.426225
0.316771
0.309229
0.473200
0.602621
0.711501
0.769918
0.755404
0.876657
1.108186
1.431918
1.623976
1.666935
1.657024
1.502904
1.286105
1.092964
0.721968
0.535221
0.393094
0.272645
0.123928
0.092223
0.190523
0.284191
0.450090
0.490754
0.447566
0.571744
0.874435
1.317826
1.553635
1.639762
1.645161
1.479472
1.227594
1.037573
0.615750
0.420644
0.282557
0.124172
-0.037560
-0.135949
-0.153146
-0.055388
0.184421
0.255948
0.233333
0.359958
0.742332
1.282232
1.564773
1.685395
1.736387
1.562930
1.253504
1.041246
0.533955
0.321989
0.150569
-0.007760
-0.127929
-0.266997
-0.332954
-0.243259
-0.003454
0.103801
0.044901
0.146673
0.563704
1.133030
1.454355
1.601977
1.682630
1.494299
1.210390
1.046417
0.512022
0.341768
0.171804
-0.048035
-0.201283
-0.316754
-0.321693
-0.211635
0.128079
0.336242
0.309417
0.446015
0.831237
1.413955
1.743388
1.888522
1.974077
1.738407
1.381985
1.164037
0.616893
0.517151
0.302503
-0.019268
-0.214082
-0.284295
-0.249755
-0.144119
0.211466
0.482401
0.493838
0.616756
0.957279
1.505850
1.855281
2.061872
2.143731
1.882598
1.522253
1.304110
0.745543
0.642889
0.398529
0.066235
-0.139063
-0.196125
-0.162846
-0.198171
0.040427
0.287404
0.274549
0.376749
0.626669
1.124252
1.530992
1.804460
1.926697
1.752452
1.474541
1.336196
0.820711
0.690491
0.499785
0.228211
0.009254
0.028725
0.083647
-0.067808
0.097769
0.313954
0.331796
0.393491
0.528594
0.954840
1.353820
1.699278
1.827809
1.683315
1.466733
1.410178
0.924129
0.692419
0.458833
0.200246
0.026078
0.158495
0.291397
0.145108
0.281326
0.548717
0.649207
0.707898
0.766742
1.067999
1.462619
1.811444
1.862667
1.771178
1.613470
1.560737
1.010435
0.649811
0.402427
0.173213
-0.029032
0.162563
0.368537
0.231604
0.423371
0.783551
1.055381
1.192502
1.218039
1.485528
1.875369
2.230430
2.243690
2.126458
1.907901
1.779829
1.205770
0.789108
0.544069
0.336593
0.126653
0.354711
0.538095
0.372869
0.486333
0.826257
1.159672
1.273457
1.268227
1.450065
1.842202
2.239917
2.203725
2.128483
1.999488
1.913841
1.474427
1.073927
0.898351
0.747997
0.547718
0.742198
0.861029
0.600148
0.579934
0.824170
1.127655
1.200787
1.111773
1.208000
1.608106
2.003348
1.998652
2.041372
1.984587
1.947480
1.752633
1.412463
1.341884
1.273224
1.062229
1.245945
1.314818
0.989471
0.885712
1.014901
1.303371
1.310017
1.146672
1.184946
1.521873
1.927013
1.947090
2.004979
2.005065
2.036551
1.970565
1.635910
1.583296
1.558329
1.399255
1.616917
1.725231
1.481739
1.366897
1.500144
1.801404
1.795573
1.622473
1.557929
1.820131
2.147031
2.084110
2.142535
2.166107
2.161144
2.013556
1.679728
1.701600
1.728155
1.601564
1.838224
2.011396
1.829062
1.782681
1.917976
2.244157
2.278709
2.080500
2.001946
2.185734
2.408758
2.327987
2.343454
2.246126
2.164657
2.004410
1.649112
1.680075
1.775490
1.678535
1.896227
2.029918
1.822770
1.729054
1.770216
2.066540
2.069134
1.910523
1.870913
2.004672
2.238855
2.160970
2.130549
2.076845
2.078050
1.927604
1.544999
1.510330
1.571297
1.485764
1.682700
1.817156
1.710116
1.649909
1.757899
2.056532
2.097032
2.038810
1.993981
2.118776
2.304895
2.166958
2.157293
2.138798
2.077551
1.725904
1.347534
1.276507
1.257471
1.206780
1.376360
1.523346
1.507997
1.521713
1.688164
1.960741
2.076975
2.077807
2.078658
2.210835
2.278304
2.156668
2.179082
2.109782
2.004506
1.451816
1.105487
1.062321
1.043308
1.038280
1.156418
1.274205
1.284697
1.341744
1.473836
1.676196
1.822672
1.872149
1.963787
2.078722
2.092653
2.043141
2.032482
1.955073
1.960895
