u[0][0][0] -0.131538
u[0][0][1] -0.234270
u[0][0][2] -0.393056
u[0][0][3] -0.548445
u[0][0][4] -0.495317
u[0][0][5] -0.375084
u[0][0][6] -0.494941
u[0][0][7] -0.753922
u[0][0][8] -0.955183
u[0][0][9] -1.036160
u[0][0][10] -0.997223
u[0][0][11] -0.841159
u[0][0][12] -0.604291
u[0][0][13] -0.292733
u[0][0][14] 0.004781
u[0][0][15] 0.119768
u[0][0][16] 0.034039
u[0][0][17] -0.030939
u[0][0][18] 0.004808
u[0][0][19] 0.025620
u[0][0][20] -0.003100
u[0][1][0] -0.234270
u[0][1][1] -0.286625
u[0][1][2] -0.521239
u[0][1][3] -0.808419
u[0][1][4] -0.721854
u[0][1][5] -0.589619
u[0][1][6] -0.720335
u[0][1][7] -0.952007
u[0][1][8] -1.138810
u[0][1][9] -1.136160
u[0][1][10] -0.976532
u[0][1][11] -0.687589
u[0][1][12] -0.279785
u[0][1][13] 0.203836
u[0][1][14] 0.625022
u[0][1][15] 0.758065
u[0][1][16] 0.609535
u[0][1][17] 0.436228
u[0][1][18] 0.429738
u[0][1][19] 0.346776
u[0][1][20] 0.109564
u[0][2][0] -0.393057
u[0][2][1] -0.521240
u[0][2][2] -0.797998
u[0][2][3] -1.027040
u[0][2][4] -0.941220
u[0][2][5] -1.023720
u[0][2][6] -1.233400
u[0][2][7] -1.535480
u[0][2][8] -1.819290
u[0][2][9] -1.818580
u[0][2][10] -1.675640
u[0][2][11] -1.248920
u[0][2][12] -0.669381
u[0][2][13] 0.035119
u[0][2][14] 0.653060
u[0][2][15] 0.862403
u[0][2][16] 0.832597
u[0][2][17] 0.612745
u[0][2][18] 0.519183
u[0][2][19] 0.384708
u[0][2][20] 0.101265
u[0][3][0] -0.548444
u[0][3][1] -0.808420
u[0][3][2] -1.027040
u[0][3][3] -1.126670
u[0][3][4] -1.133140
u[0][3][5] -1.407140
u[0][3][6] -1.679940
u[0][3][7] -2.083850
u[0][3][8] -2.416110
u[0][3][9] -2.442930
u[0][3][10] -2.396470
u[0][3][11] -1.833750
u[0][3][12] -1.139210
u[0][3][13] -0.250494
u[0][3][14] 0.551474
u[0][3][15] 0.835646
u[0][3][16] 0.913549
u[0][3][17] 0.710756
u[0][3][18] 0.519506
u[0][3][19] 0.308449
u[0][3][20] 0.054309
u[0][4][0] -0.495318
u[0][4][1] -0.721855
u[0][4][2] -0.941219
u[0][4][3] -1.133140
u[0][4][4] -1.241010
u[0][4][5] -1.490170
u[0][4][6] -1.703890
u[0][4][7] -1.944660
u[0][4][8] -2.062270
u[0][4][9] -2.005140
u[0][4][10] -1.948170
u[0][4][11] -1.367240
u[0][4][12] -0.680627
u[0][4][13] 0.185896
u[0][4][14] 0.943920
u[0][4][15] 1.205840
u[0][4][16] 1.224140
u[0][4][17] 1.022840
u[0][4][18] 0.814345
u[0][4][19] 0.526520
u[0][4][20] 0.167685
u[0][5][0] -0.375085
u[0][5][1] -0.589621
u[0][5][2] -1.023710
u[0][5][3] -1.407140
u[0][5][4] -1.490170
u[0][5][5] -1.747430
u[0][5][6] -2.053390
u[0][5][7] -2.227860
u[0][5][8] -2.258100
u[0][5][9] -2.164760
u[0][5][10] -2.063550
u[0][5][11] -1.509960
u[0][5][12] -0.755828
u[0][5][13] 0.169983
u[0][5][14] 0.988966
u[0][5][15] 1.358800
u[0][5][16] 1.373270
u[0][5][17] 1.125580
u[0][5][18] 0.974876
u[0][5][19] 0.754415
u[0][5][20] 0.312578
u[0][6][0] -0.494944
u[0][6][1] -0.720336
u[0][6][2] -1.233400
u[0][6][3] -1.679940
u[0][6][4] -1.703890
u[0][6][5] -2.053390
u[0][6][6] -2.516080
u[0][6][7] -2.802990
u[0][6][8] -2.835110
u[0][6][9] -2.680600
u[0][6][10] -2.600500
u[0][6][11] -2.049750
u[0][6][12] -1.274160
u[0][6][13] -0.261809
u[0][6][14] 0.732292
u[0][6][15] 1.247600
u[0][6][16] 1.352760
u[0][6][17] 1.061190
u[0][6][18] 0.929793
u[0][6][19] 0.726461
u[0][6][20] 0.268107
u[0][7][0] -0.753921
u[0][7][1] -0.952007
u[0][7][2] -1.535480
u[0][7][3] -2.083850
u[0][7][4] -1.944660
u[0][7][5] -2.227860
u[0][7][6] -2.802990
u[0][7][7] -3.178070
u[0][7][8] -3.223020
u[0][7][9] -3.049110
u[0][7][10] -3.028250
u[0][7][11] -2.585440
u[0][7][12] -1.892110
u[0][7][13] -0.883434
u[0][7][14] 0.184423
u[0][7][15] 0.799569
u[0][7][16] 0.901875
u[0][7][17] 0.529269
u[0][7][18] 0.502154
u[0][7][19] 0.408470
u[0][7][20] 0.027835
u[0][8][0] -0.955184
u[0][8][1] -1.138810
u[0][8][2] -1.819280
u[0][8][3] -2.416110
u[0][8][4] -2.062270
u[0][8][5] -2.258100
u[0][8][6] -2.835110
u[0][8][7] -3.223020
u[0][8][8] -3.221860
u[0][8][9] -2.923170
u[0][8][10] -2.904700
u[0][8][11] -2.539430
u[0][8][12] -1.950310
u[0][8][13] -0.982378
u[0][8][14] 0.114933
u[0][8][15] 0.748898
u[0][8][16] 0.821916
u[0][8][17] 0.314643
u[0][8][18] 0.311317
u[0][8][19] 0.267983
u[0][8][20] -0.102646
u[0][9][0] -1.036170
u[0][9][1] -1.136160
u[0][9][2] -1.818580
u[0][9][3] -2.442930
u[0][9][4] -2.005140
u[0][9][5] -2.164760
u[0][9][6] -2.680590
u[0][9][7] -3.049110
u[0][9][8] -2.923170
u[0][9][9] -2.418190
u[0][9][10] -2.365970
u[0][9][11] -2.030670
u[0][9][12] -1.575380
u[0][9][13] -0.675498
u[0][9][14] 0.422304
u[0][9][15] 1.039980
u[0][9][16] 1.110980
u[0][9][17] 0.504914
u[0][9][18] 0.466195
u[0][9][19] 0.368654
u[0][9][20] -0.085392
u[0][10][0] -0.997224
u[0][10][1] -0.976534
u[0][10][2] -1.675640
u[0][10][3] -2.396470
u[0][10][4] -1.948180
u[0][10][5] -2.063550
u[0][10][6] -2.600500
u[0][10][7] -3.028250
u[0][10][8] -2.904700
u[0][10][9] -2.365970
u[0][10][10] -2.347340
u[0][10][11] -2.105450
u[0][10][12] -1.772330
u[0][10][13] -0.935486
u[0][10][14] 0.145842
u[0][10][15] 0.796394
u[0][10][16] 0.870172
u[0][10][17] 0.284291
u[0][10][18] 0.343791
u[0][10][19] 0.306805
u[0][10][20] -0.132866
u[0][11][0] -0.841159
u[0][11][1] -0.687590
u[0][11][2] -1.248920
u[0][11][3] -1.833750
u[0][11][4] -1.367240
u[0][11][5] -1.509960
u[0][11][6] -2.049750
u[0][11][7] -2.585440
u[0][11][8] -2.539430
u[0][11][9] -2.030670
u[0][11][10] -2.105450
u[0][11][11] -1.978000
u[0][11][12] -1.791610
u[0][11][13] -1.040640
u[0][11][14] 0.006477
u[0][11][15] 0.643814
u[0][11][16] 0.767109
u[0][11][17] 0.209980
u[0][11][18] 0.237933
u[0][11][19] 0.205022
u[0][11][20] -0.168060
u[0][12][0] -0.604292
u[0][12][1] -0.279787
u[0][12][2] -0.669381
u[0][12][3] -1.139210
u[0][12][4] -0.680628
u[0][12][5] -0.755829
u[0][12][6] -1.274160
u[0][12][7] -1.892110
u[0][12][8] -1.950310
u[0][12][9] -1.575380
u[0][12][10] -1.772330
u[0][12][11] -1.791610
u[0][12][12] -1.739530
u[0][12][13] -1.093790
u[0][12][14] -0.145653
u[0][12][15] 0.456369
u[0][12][16] 0.558531
u[0][12][17] 0.063036
u[0][12][18] 0.110660
u[0][12][19] 0.110489
u[0][12][20] -0.182302
u[0][13][0] -0.292733
u[0][13][1] 0.203835
u[0][13][2] 0.035118
u[0][13][3] -0.250494
u[0][13][4] 0.185895
u[0][13][5] 0.169983
u[0][13][6] -0.261809
u[0][13][7] -0.883433
u[0][13][8] -0.982377
u[0][13][9] -0.675497
u[0][13][10] -0.935486
u[0][13][11] -1.040630
u[0][13][12] -1.093790
u[0][13][13] -0.564964
u[0][13][14] 0.258693
u[0][13][15] 0.772903
u[0][13][16] 0.846933
u[0][13][17] 0.421236
u[0][13][18] 0.391963
u[0][13][19] 0.296460
u[0][13][20] -0.033267
u[0][14][0] 0.004782
u[0][14][1] 0.625022
u[0][14][2] 0.653060
u[0][14][3] 0.551474
u[0][14][4] 0.943919
u[0][14][5] 0.988966
u[0][14][6] 0.732290
u[0][14][7] 0.184423
u[0][14][8] 0.114935
u[0][14][9] 0.422306
u[0][14][10] 0.145843
u[0][14][11] 0.006478
u[0][14][12] -0.145653
u[0][14][13] 0.258692
u[0][14][14] 0.925591
u[0][14][15] 1.285030
u[0][14][16] 1.323500
u[0][14][17] 0.941933
u[0][14][18] 0.791739
u[0][14][19] 0.580666
u[0][14][20] 0.186596
u[0][15][0] 0.119768
u[0][15][1] 0.758065
u[0][15][2] 0.862402
u[0][15][3] 0.835646
u[0][15][4] 1.205840
u[0][15][5] 1.358810
u[0][15][6] 1.247600
u[0][15][7] 0.799570
u[0][15][8] 0.748899
u[0][15][9] 1.039980
u[0][15][10] 0.796396
u[0][15][11] 0.643814
u[0][15][12] 0.456371
u[0][15][13] 0.772903
u[0][15][14] 1.285030
u[0][15][15] 1.512220
u[0][15][16] 1.465520
u[0][15][17] 1.116460
u[0][15][18] 0.926062
u[0][15][19] 0.669974
u[0][15][20] 0.261984
u[0][16][0] 0.034038
u[0][16][1] 0.609534
u[0][16][2] 0.832597
u[0][16][3] 0.913548
u[0][16][4] 1.224140
u[0][16][5] 1.373270
u[0][16][6] 1.352760
u[0][16][7] 0.901876
u[0][16][8] 0.821916
u[0][16][9] 1.110980
u[0][16][10] 0.870173
u[0][16][11] 0.767108
u[0][16][12] 0.558532
u[0][16][13] 0.846933
u[0][16][14] 1.323500
u[0][16][15] 1.465520
u[0][16][16] 1.427740
u[0][16][17] 1.130720
u[0][16][18] 0.865497
u[0][16][19] 0.519982
u[0][16][20] 0.157289
u[0][17][0] -0.030940
u[0][17][1] 0.436228
u[0][17][2] 0.612745
u[0][17][3] 0.710756
u[0][17][4] 1.022840
u[0][17][5] 1.125580
u[0][17][6] 1.061190
u[0][17][7] 0.529270
u[0][17][8] 0.314644
u[0][17][9] 0.504915
u[0][17][10] 0.284292
u[0][17][11] 0.209981
u[0][17][12] 0.063037
u[0][17][13] 0.421236
u[0][17][14] 0.941934
u[0][17][15] 1.116460
u[0][17][16] 1.130720
u[0][17][17] 0.841763
u[0][17][18] 0.593625
u[0][17][19] 0.325422
u[0][17][20] 0.057598
u[0][18][0] 0.004808
u[0][18][1] 0.429739
u[0][18][2] 0.519184
u[0][18][3] 0.519507
u[0][18][4] 0.814347
u[0][18][5] 0.974877
u[0][18][6] 0.929794
u[0][18][7] 0.502154
u[0][18][8] 0.311317
u[0][18][9] 0.466196
u[0][18][10] 0.343790
u[0][18][11] 0.237934
u[0][18][12] 0.110660
u[0][18][13] 0.391963
u[0][18][14] 0.791739
u[0][18][15] 0.926062
u[0][18][16] 0.865498
u[0][18][17] 0.593624
u[0][18][18] 0.483407
u[0][18][19] 0.330921
u[0][18][20] 0.071171
u[0][19][0] 0.025620
u[0][19][1] 0.346778
u[0][19][2] 0.384709
u[0][19][3] 0.308449
u[0][19][4] 0.526520
u[0][19][5] 0.754415
u[0][19][6] 0.726461
u[0][19][7] 0.408469
u[0][19][8] 0.267984
u[0][19][9] 0.368654
u[0][19][10] 0.306805
u[0][19][11] 0.205023
u[0][19][12] 0.110489
u[0][19][13] 0.296461
u[0][19][14] 0.580667
u[0][19][15] 0.669974
u[0][19][16] 0.519982
u[0][19][17] 0.325422
u[0][19][18] 0.330921
u[0][19][19] 0.258223
u[0][19][20] 0.063614
u[0][20][0] -0.003101
u[0][20][1] 0.109565
u[0][20][2] 0.101266
u[0][20][3] 0.054309
u[0][20][4] 0.167686
u[0][20][5] 0.312578
u[0][20][6] 0.268107
u[0][20][7] 0.027835
u[0][20][8] -0.102646
u[0][20][9] -0.085391
u[0][20][10] -0.132865
u[0][20][11] -0.168058
u[0][20][12] -0.182301
u[0][20][13] -0.033267
u[0][20][14] 0.186597
u[0][20][15] 0.261985
u[0][20][16] 0.157288
u[0][20][17] 0.057598
u[0][20][18] 0.071171
u[0][20][19] 0.063615
u[0][20][20] 0.016795
u[1][0][0] 0.093315
u[1][0][1] -0.233553
u[1][0][2] -0.579340
u[1][0][3] -0.576947
u[1][0][4] -0.453911
u[1][0][5] -0.472254
u[1][0][6] -0.571460
u[1][0][7] -0.689956
u[1][0][8] -0.719122
u[1][0][9] -0.671829
u[1][0][10] -0.575522
u[1][0][11] -0.401631
u[1][0][12] -0.258146
u[1][0][13] -0.117271
u[1][0][14] 0.023022
u[1][0][15] 0.115480
u[1][0][16] 0.111875
u[1][0][17] -0.022932
u[1][0][18] -0.064369
u[1][0][19] 0.066359
u[1][0][20] 0.138164
u[1][1][0] -0.233555
u[1][1][1] -0.589239
u[1][1][2] -0.833041
u[1][1][3] -0.860819
u[1][1][4] -0.805522
u[1][1][5] -0.901775
u[1][1][6] -1.166900
u[1][1][7] -1.375260
u[1][1][8] -1.397730
u[1][1][9] -1.301470
u[1][1][10] -1.025750
u[1][1][11] -0.622721
u[1][1][12] -0.228173
u[1][1][13] 0.129183
u[1][1][14] 0.449077
u[1][1][15] 0.704894
u[1][1][16] 0.715939
u[1][1][17] 0.520308
u[1][1][18] 0.382154
u[1][1][19] 0.294357
u[1][1][20] 0.156464
u[1][2][0] -0.579340
u[1][2][1] -0.833041
u[1][2][2] -1.005740
u[1][2][3] -1.227140
u[1][2][4] -1.259640
u[1][2][5] -1.374220
u[1][2][6] -1.700550
u[1][2][7] -1.875250
u[1][2][8] -1.949660
u[1][2][9] -1.936940
u[1][2][10] -1.571040
u[1][2][11] -1.062200
u[1][2][12] -0.446715
u[1][2][13] 0.059896
u[1][2][14] 0.432887
u[1][2][15] 0.764871
u[1][2][16] 0.762989
u[1][2][17] 0.566772
u[1][2][18] 0.500052
u[1][2][19] 0.322220
u[1][2][20] 0.029024
u[1][3][0] -0.576948
u[1][3][1] -0.860821
u[1][3][2] -1.227140
u[1][3][3] -1.614960
u[1][3][4] -1.660460
u[1][3][5] -1.798540
u[1][3][6] -1.989620
u[1][3][7] -2.044380
u[1][3][8] -2.185300
u[1][3][9] -2.258020
u[1][3][10] -1.912900
u[1][3][11] -1.307160
u[1][3][12] -0.519749
u[1][3][13] 0.087745
u[1][3][14] 0.449353
u[1][3][15] 0.702647
u[1][3][16] 0.700747
u[1][3][17] 0.470718
u[1][3][18] 0.481303
u[1][3][19] 0.387657
u[1][3][20] 0.060736
u[1][4][0] -0.453913
u[1][4][1] -0.805523
u[1][4][2] -1.259640
u[1][4][3] -1.660460
u[1][4][4] -1.777690
u[1][4][5] -1.981760
u[1][4][6] -2.003380
u[1][4][7] -1.918920
u[1][4][8] -1.986450
u[1][4][9] -2.024930
u[1][4][10] -1.687230
u[1][4][11] -0.879943
u[1][4][12] 0.077894
u[1][4][13] 0.795537
u[1][4][14] 1.172030
u[1][4][15] 1.334700
u[1][4][16] 1.335910
u[1][4][17] 1.039740
u[1][4][18] 0.951836
u[1][4][19] 0.765135
u[1][4][20] 0.308192
u[1][5][0] -0.472254
u[1][5][1] -0.901778
u[1][5][2] -1.374220
u[1][5][3] -1.798540
u[1][5][4] -1.981760
u[1][5][5] -2.191230
u[1][5][6] -2.202640
u[1][5][7] -2.054310
u[1][5][8] -2.089730
u[1][5][9] -2.240460
u[1][5][10] -1.977620
u[1][5][11] -1.077020
u[1][5][12] 0.028818
u[1][5][13] 0.839620
u[1][5][14] 1.228160
u[1][5][15] 1.402300
u[1][5][16] 1.386060
u[1][5][17] 1.102020
u[1][5][18] 0.998492
u[1][5][19] 0.784805
u[1][5][20] 0.336108
u[1][6][0] -0.571457
u[1][6][1] -1.166900
u[1][6][2] -1.700550
u[1][6][3] -1.989620
u[1][6][4] -2.003390
u[1][6][5] -2.202630
u[1][6][6] -2.352610
u[1][6][7] -2.207530
u[1][6][8] -2.337040
u[1][6][9] -2.721750
u[1][6][10] -2.557330
u[1][6][11] -1.700190
u[1][6][12] -0.424731
u[1][6][13] 0.495643
u[1][6][14] 0.920413
u[1][6][15] 1.193140
u[1][6][16] 1.163610
u[1][6][17] 0.797932
u[1][6][18] 0.624503
u[1][6][19] 0.495206
u[1][6][20] 0.211243
u[1][7][0] -0.689956
u[1][7][1] -1.375260
u[1][7][2] -1.875250
u[1][7][3] -2.044370
u[1][7][4] -1.918920
u[1][7][5] -2.054310
u[1][7][6] -2.207530
u[1][7][7] -1.934720
u[1][7][8] -1.957190
u[1][7][9] -2.385160
u[1][7][10] -2.282190
u[1][7][11] -1.468290
u[1][7][12] -0.134778
u[1][7][13] 0.756577
u[1][7][14] 1.134310
u[1][7][15] 1.379870
u[1][7][16] 1.275000
u[1][7][17] 0.811442
u[1][7][18] 0.536195
u[1][7][19] 0.370574
u[1][7][20] 0.147427
u[1][8][0] -0.719121
u[1][8][1] -1.397730
u[1][8][2] -1.949660
u[1][8][3] -2.185300
u[1][8][4] -1.986450
u[1][8][5] -2.089730
u[1][8][6] -2.337050
u[1][8][7] -1.957190
u[1][8][8] -1.873970
u[1][8][9] -2.338070
u[1][8][10] -2.262440
u[1][8][11] -1.531660
u[1][8][12] -0.149841
u[1][8][13] 0.728543
u[1][8][14] 1.087440
u[1][8][15] 1.391750
u[1][8][16] 1.269610
u[1][8][17] 0.776796
u[1][8][18] 0.505531
u[1][8][19] 0.355424
u[1][8][20] 0.145574
u[1][9][0] -0.671830
u[1][9][1] -1.301470
u[1][9][2] -1.936950
u[1][9][3] -2.258020
u[1][9][4] -2.024930
u[1][9][5] -2.240460
u[1][9][6] -2.721750
u[1][9][7] -2.385160
u[1][9][8] -2.338070
u[1][9][9] -2.871070
u[1][9][10] -2.840350
u[1][9][11] -2.199350
u[1][9][12] -0.736477
u[1][9][13] 0.209688
u[1][9][14] 0.670777
u[1][9][15] 1.138550
u[1][9][16] 1.110370
u[1][9][17] 0.650544
u[1][9][18] 0.437659
u[1][9][19] 0.355575
u[1][9][20] 0.164928
u[1][10][0] -0.575523
u[1][10][1] -1.025750
u[1][10][2] -1.571040
u[1][10][3] -1.912900
u[1][10][4] -1.687230
u[1][10][5] -1.977630
u[1][10][6] -2.557340
u[1][10][7] -2.282190
u[1][10][8] -2.262440
u[1][10][9] -2.840350
u[1][10][10] -2.973590
u[1][10][11] -2.488670
u[1][10][12] -1.145810
u[1][10][13] -0.279925
u[1][10][14] 0.190121
u[1][10][15] 0.667473
u[1][10][16] 0.719781
u[1][10][17] 0.353568
u[1][10][18] 0.223827
u[1][10][19] 0.192779
u[1][10][20] 0.076638
u[1][11][0] -0.401632
u[1][11][1] -0.622723
u[1][11][2] -1.062200
u[1][11][3] -1.307160
u[1][11][4] -0.879945
u[1][11][5] -1.077020
u[1][11][6] -1.700200
u[1][11][7] -1.468290
u[1][11][8] -1.531660
u[1][11][9] -2.199350
u[1][11][10] -2.488670
u[1][11][11] -2.212410
u[1][11][12] -1.013180
u[1][11][13] -0.238114
u[1][11][14] 0.174709
u[1][11][15] 0.603457
u[1][11][16] 0.593643
u[1][11][17] 0.164382
u[1][11][18] 0.035269
u[1][11][19] 0.062437
u[1][11][20] 0.011938
u[1][12][0] -0.258147
u[1][12][1] -0.228173
u[1][12][2] -0.446716
u[1][12][3] -0.519750
u[1][12][4] 0.077893
u[1][12][5] 0.028819
u[1][12][6] -0.424731
u[1][12][7] -0.134777
u[1][12][8] -0.149842
u[1][12][9] -0.736477
u[1][12][10] -1.145820
u[1][12][11] -1.013180
u[1][12][12] -0.044534
u[1][12][13] 0.551736
u[1][12][14] 0.838717
u[1][12][15] 1.049090
u[1][12][16] 0.908596
u[1][12][17] 0.392963
u[1][12][18] 0.169342
u[1][12][19] 0.098024
u[1][12][20] 0.007744
u[1][13][0] -0.117271
u[1][13][1] 0.129185
u[1][13][2] 0.059896
u[1][13][3] 0.087745
u[1][13][4] 0.795537
u[1][13][5] 0.839620
u[1][13][6] 0.495642
u[1][13][7] 0.756578
u[1][13][8] 0.728544
u[1][13][9] 0.209689
u[1][13][10] -0.279924
u[1][13][11] -0.238113
u[1][13][12] 0.551737
u[1][13][13] 1.075120
u[1][13][14] 1.335400
u[1][13][15] 1.423460
u[1][13][16] 1.234600
u[1][13][17] 0.669065
u[1][13][18] 0.372896
u[1][13][19] 0.220765
u[1][13][20] 0.061293
u[1][14][0] 0.023022
u[1][14][1] 0.449076
u[1][14][2] 0.432887
u[1][14][3] 0.449353
u[1][14][4] 1.172030
u[1][14][5] 1.228160
u[1][14][6] 0.920414
u[1][14][7] 1.134310
u[1][14][8] 1.087440
u[1][14][9] 0.670777
u[1][14][10] 0.190123
u[1][14][11] 0.174709
u[1][14][12] 0.838718
u[1][14][13] 1.335400
u[1][14][14] 1.613000
u[1][14][15] 1.667410
u[1][14][16] 1.485540
u[1][14][17] 0.934793
u[1][14][18] 0.662226
u[1][14][19] 0.473517
u[1][14][20] 0.186942
u[1][15][0] 0.115480
u[1][15][1] 0.704894
u[1][15][2] 0.764871
u[1][15][3] 0.702648
u[1][15][4] 1.334700
u[1][15][5] 1.402300
u[1][15][6] 1.193140
u[1][15][7] 1.379870
u[1][15][8] 1.391750
u[1][15][9] 1.138550
u[1][15][10] 0.667474
u[1][15][11] 0.603458
u[1][15][12] 1.049090
u[1][15][13] 1.423460
u[1][15][14] 1.667410
u[1][15][15] 1.635370
u[1][15][16] 1.475160
u[1][15][17] 1.027260
u[1][15][18] 0.854903
u[1][15][19] 0.630921
u[1][15][20] 0.240966
u[1][16][0] 0.111873
u[1][16][1] 0.715939
u[1][16][2] 0.762989
u[1][16][3] 0.700746
u[1][16][4] 1.335910
u[1][16][5] 1.386060
u[1][16][6] 1.163610
u[1][16][7] 1.275000
u[1][16][8] 1.269610
u[1][16][9] 1.110370
u[1][16][10] 0.719780
u[1][16][11] 0.593643
u[1][16][12] 0.908596
u[1][16][13] 1.234600
u[1][16][14] 1.485540
u[1][16][15] 1.475160
u[1][16][16] 1.352300
u[1][16][17] 0.913501
u[1][16][18] 0.773999
u[1][16][19] 0.589951
u[1][16][20] 0.203810
u[1][17][0] -0.022932
u[1][17][1] 0.520309
u[1][17][2] 0.566771
u[1][17][3] 0.470718
u[1][17][4] 1.039750
u[1][17][5] 1.102020
u[1][17][6] 0.797933
u[1][17][7] 0.811443
u[1][17][8] 0.776797
u[1][17][9] 0.650544
u[1][17][10] 0.353568
u[1][17][11] 0.164384
u[1][17][12] 0.392964
u[1][17][13] 0.669065
u[1][17][14] 0.934793
u[1][17][15] 1.027260
u[1][17][16] 0.913499
u[1][17][17] 0.529991
u[1][17][18] 0.469686
u[1][17][19] 0.333996
u[1][17][20] 0.023085
u[1][18][0] -0.064369
u[1][18][1] 0.382155
u[1][18][2] 0.500054
u[1][18][3] 0.481305
u[1][18][4] 0.951836
u[1][18][5] 0.998492
u[1][18][6] 0.624503
u[1][18][7] 0.536195
u[1][18][8] 0.505532
u[1][18][9] 0.437659
u[1][18][10] 0.223826
u[1][18][11] 0.035269
u[1][18][12] 0.169341
u[1][18][13] 0.372897
u[1][18][14] 0.662225
u[1][18][15] 0.854903
u[1][18][16] 0.773999
u[1][18][17] 0.469686
u[1][18][18] 0.373450
u[1][18][19] 0.195930
u[1][18][20] -0.044457
u[1][19][0] 0.066359
u[1][19][1] 0.294357
u[1][19][2] 0.322221
u[1][19][3] 0.387658
u[1][19][4] 0.765135
u[1][19][5] 0.784805
u[1][19][6] 0.495206
u[1][19][7] 0.370574
u[1][19][8] 0.355425
u[1][19][9] 0.355575
u[1][19][10] 0.192779
u[1][19][11] 0.062437
u[1][19][12] 0.098024
u[1][19][13] 0.220765
u[1][19][14] 0.473516
u[1][19][15] 0.630921
u[1][19][16] 0.589952
u[1][19][17] 0.333997
u[1][19][18] 0.195930
u[1][19][19] 0.139700
u[1][19][20] 0.070860
u[1][20][0] 0.138166
u[1][20][1] 0.156463
u[1][20][2] 0.029024
u[1][20][3] 0.060736
u[1][20][4] 0.308193
u[1][20][5] 0.336109
u[1][20][6] 0.211243
u[1][20][7] 0.147428
u[1][20][8] 0.145575
u[1][20][9] 0.164929
u[1][20][10] 0.076639
u[1][20][11] 0.011938
u[1][20][12] 0.007744
u[1][20][13] 0.061293
u[1][20][14] 0.186941
u[1][20][15] 0.240965
u[1][20][16] 0.203810
u[1][20][17] 0.023085
u[1][20][18] -0.044457
u[1][20][19] 0.070861
u[1][20][20] 0.138281
u[2][0][0] 0.026823
u[2][0][1] -0.233445
u[2][0][2] -0.536552
u[2][0][3] -0.606696
u[2][0][4] -0.488638
u[2][0][5] -0.418935
u[2][0][6] -0.536359
u[2][0][7] -0.757509
u[2][0][8] -0.886969
u[2][0][9] -0.909883
u[2][0][10] -0.855392
u[2][0][11] -0.683047
u[2][0][12] -0.498572
u[2][0][13] -0.265545
u[2][0][14] -0.028708
u[2][0][15] 0.078143
u[2][0][16] 0.024290
u[2][0][17] -0.091902
u[2][0][18] -0.088293
u[2][0][19] 0.026795
u[2][0][20] 0.079640
u[2][1][0] -0.233446
u[2][1][1] -0.429880
u[2][1][2] -0.676639
u[2][1][3] -0.851597
u[2][1][4] -0.753620
u[2][1][5] -0.709914
u[2][1][6] -0.929511
u[2][1][7] -1.162080
u[2][1][8] -1.257780
u[2][1][9] -1.198590
u[2][1][10] -0.965896
u[2][1][11] -0.607572
u[2][1][12] -0.203778
u[2][1][13] 0.221883
u[2][1][14] 0.605196
u[2][1][15] 0.810500
u[2][1][16] 0.719250
u[2][1][17] 0.508479
u[2][1][18] 0.443345
u[2][1][19] 0.355756
u[2][1][20] 0.140416
u[2][2][0] -0.536553
u[2][2][1] -0.676640
u[2][2][2] -0.894783
u[2][2][3] -1.157210
u[2][2][4] -1.090180
u[2][2][5] -1.184880
u[2][2][6] -1.486030
u[2][2][7] -1.722960
u[2][2][8] -1.914580
u[2][2][9] -1.913590
u[2][2][10] -1.642610
u[2][2][11] -1.172360
u[2][2][12] -0.558365
u[2][2][13] 0.059493
u[2][2][14] 0.565285
u[2][2][15] 0.851652
u[2][2][16] 0.827318
u[2][2][17] 0.585590
u[2][2][18] 0.529948
u[2][2][19] 0.372598
u[2][2][20] 0.033736
u[2][3][0] -0.606695
u[2][3][1] -0.851599
u[2][3][2] -1.157210
u[2][3][3] -1.415820
u[2][3][4] -1.393150
u[2][3][5] -1.629470
u[2][3][6] -1.868590
u[2][3][7] -2.109200
u[2][3][8] -2.387710
u[2][3][9] -2.450730
u[2][3][10] -2.277770
u[2][3][11] -1.670860
u[2][3][12] -0.912854
u[2][3][13] -0.140646
u[2][3][14] 0.465904
u[2][3][15] 0.728314
u[2][3][16] 0.783722
u[2][3][17] 0.528724
u[2][3][18] 0.464134
u[2][3][19] 0.331784
u[2][3][20] 0.014543
u[2][4][0] -0.488640
u[2][4][1] -0.753621
u[2][4][2] -1.090180
u[2][4][3] -1.393150
u[2][4][4] -1.482790
u[2][4][5] -1.738430
u[2][4][6] -1.827060
u[2][4][7] -1.893970
u[2][4][8] -1.988850
u[2][4][9] -1.970660
u[2][4][10] -1.808350
u[2][4][11] -1.065370
u[2][4][12] -0.239371
u[2][4][13] 0.565774
u[2][4][14] 1.142030
u[2][4][15] 1.322380
u[2][4][16] 1.343360
u[2][4][17] 1.056610
u[2][4][18] 0.919467
u[2][4][19] 0.679232
u[2][4][20] 0.229899
u[2][5][0] -0.418936
u[2][5][1] -0.709917
u[2][5][2] -1.184880
u[2][5][3] -1.629470
u[2][5][4] -1.738430
u[2][5][5] -1.983620
u[2][5][6] -2.139470
u[2][5][7] -2.123520
u[2][5][8] -2.146960
u[2][5][9] -2.189360
u[2][5][10] -2.036510
u[2][5][11] -1.270670
u[2][5][12] -0.319976
u[2][5][13] 0.562862
u[2][5][14] 1.163370
u[2][5][15] 1.424430
u[2][5][16] 1.419040
u[2][5][17] 1.118450
u[2][5][18] 1.023190
u[2][5][19] 0.818222
u[2][5][20] 0.326314
u[2][6][0] -0.536359
u[2][6][1] -0.929512
u[2][6][2] -1.486030
u[2][6][3] -1.868590
u[2][6][4] -1.827060
u[2][6][5] -2.139470
u[2][6][6] -2.480460
u[2][6][7] -2.533260
u[2][6][8] -2.623030
u[2][6][9] -2.768970
u[2][6][10] -2.678670
u[2][6][11] -1.946060
u[2][6][12] -0.876831
u[2][6][13] 0.116520
u[2][6][14] 0.839013
u[2][6][15] 1.244460
u[2][6][16] 1.297760
u[2][6][17] 0.916870
u[2][6][18] 0.780291
u[2][6][19] 0.636505
u[2][6][20] 0.232492
u[2][7][0] -0.757508
u[2][7][1] -1.162080
u[2][7][2] -1.722960
u[2][7][3] -2.109200
u[2][7][4] -1.893970
u[2][7][5] -2.123520
u[2][7][6] -2.533260
u[2][7][7] -2.556030
u[2][7][8] -2.581070
u[2][7][9] -2.737380
u[2][7][10] -2.716180
u[2][7][11] -2.069450
u[2][7][12] -1.015490
u[2][7][13] -0.053998
u[2][7][14] 0.673446
u[2][7][15] 1.115540
u[2][7][16] 1.115930
u[2][7][17] 0.629643
u[2][7][18] 0.505309
u[2][7][19] 0.394119
u[2][7][20] 0.056936
u[2][8][0] -0.886969
u[2][8][1] -1.257780
u[2][8][2] -1.914570
u[2][8][3] -2.387700
u[2][8][4] -1.988850
u[2][8][5] -2.146960
u[2][8][6] -2.623030
u[2][8][7] -2.581080
u[2][8][8] -2.520740
u[2][8][9] -2.630240
u[2][8][10] -2.617190
u[2][8][11] -2.067790
u[2][8][12] -1.036070
u[2][8][13] -0.108342
u[2][8][14] 0.617220
u[2][8][15] 1.105580
u[2][8][16] 1.077150
u[2][8][17] 0.489374
u[2][8][18] 0.390498
u[2][8][19] 0.320267
u[2][8][20] -0.015177
u[2][9][0] -0.909884
u[2][9][1] -1.198590
u[2][9][2] -1.913590
u[2][9][3] -2.450730
u[2][9][4] -1.970670
u[2][9][5] -2.189360
u[2][9][6] -2.768970
u[2][9][7] -2.737380
u[2][9][8] -2.630240
u[2][9][9] -2.650430
u[2][9][10] -2.634350
u[2][9][11] -2.145400
u[2][9][12] -1.127720
u[2][9][13] -0.192713
u[2][9][14] 0.597789
u[2][9][15] 1.171690
u[2][9][16] 1.205430
u[2][9][17] 0.564529
u[2][9][18] 0.471116
u[2][9][19] 0.404588
u[2][9][20] 0.020105
u[2][10][0] -0.855393
u[2][10][1] -0.965898
u[2][10][2] -1.642610
u[2][10][3] -2.277770
u[2][10][4] -1.808350
u[2][10][5] -2.036510
u[2][10][6] -2.678670
u[2][10][7] -2.716180
u[2][10][8] -2.617190
u[2][10][9] -2.634350
u[2][10][10] -2.734520
u[2][10][11] -2.371870
u[2][10][12] -1.489300
u[2][10][13] -0.634980
u[2][10][14] 0.154352
u[2][10][15] 0.747621
u[2][10][16] 0.823912
u[2][10][17] 0.257198
u[2][10][18] 0.284986
u[2][10][19] 0.275948
u[2][10][20] -0.063203
u[2][11][0] -0.683048
u[2][11][1] -0.607572
u[2][11][2] -1.172360
u[2][11][3] -1.670860
u[2][11][4] -1.065370
u[2][11][5] -1.270670
u[2][11][6] -1.946060
u[2][11][7] -2.069450
u[2][11][8] -2.067790
u[2][11][9] -2.145400
u[2][11][10] -2.371870
u[2][11][11] -2.183140
u[2][11][12] -1.444820
u[2][11][13] -0.671332
u[2][11][14] 0.077345
u[2][11][15] 0.644445
u[2][11][16] 0.723705
u[2][11][17] 0.127009
u[2][11][18] 0.120966
u[2][11][19] 0.150466
u[2][11][20] -0.110252
u[2][12][0] -0.498573
u[2][12][1] -0.203779
u[2][12][2] -0.558365
u[2][12][3] -0.912855
u[2][12][4] -0.239372
u[2][12][5] -0.319976
u[2][12][6] -0.876832
u[2][12][7] -1.015490
u[2][12][8] -1.036070
u[2][12][9] -1.127720
u[2][12][10] -1.489300
u[2][12][11] -1.444820
u[2][12][12] -0.905168
u[2][12][13] -0.283402
u[2][12][14] 0.347517
u[2][12][15] 0.768999
u[2][12][16] 0.757836
u[2][12][17] 0.158319
u[2][12][18] 0.116847
u[2][12][19] 0.105997
u[2][12][20] -0.125886
u[2][13][0] -0.265545
u[2][13][1] 0.221883
u[2][13][2] 0.059492
u[2][13][3] -0.140647
u[2][13][4] 0.565774
u[2][13][5] 0.562862
u[2][13][6] 0.116519
u[2][13][7] -0.053997
u[2][13][8] -0.108341
u[2][13][9] -0.192711
u[2][13][10] -0.634979
u[2][13][11] -0.671331
u[2][13][12] -0.283401
u[2][13][13] 0.250076
u[2][13][14] 0.814816
u[2][13][15] 1.122860
u[2][13][16] 1.076920
u[2][13][17] 0.502589
u[2][13][18] 0.371530
u[2][13][19] 0.260806
u[2][13][20] -0.016697
u[2][14][0] -0.028709
u[2][14][1] 0.605195
u[2][14][2] 0.565285
u[2][14][3] 0.465904
u[2][14][4] 1.142030
u[2][14][5] 1.163380
u[2][14][6] 0.839013
u[2][14][7] 0.673446
u[2][14][8] 0.617222
u[2][14][9] 0.597790
u[2][14][10] 0.154354
u[2][14][11] 0.077345
u[2][14][12] 0.347518
u[2][14][13] 0.814816
u[2][14][14] 1.316720
u[2][14][15] 1.522200
u[2][14][16] 1.472480
u[2][14][17] 0.935610
u[2][14][18] 0.742120
u[2][14][19] 0.554983
u[2][14][20] 0.182167
u[2][15][0] 0.078143
u[2][15][1] 0.810500
u[2][15][2] 0.851652
u[2][15][3] 0.728315
u[2][15][4] 1.322380
u[2][15][5] 1.424430
u[2][15][6] 1.244460
u[2][15][7] 1.115540
u[2][15][8] 1.105580
u[2][15][9] 1.171690
u[2][15][10] 0.747622
u[2][15][11] 0.644444
u[2][15][12] 0.769000
u[2][15][13] 1.122860
u[2][15][14] 1.522200
u[2][15][15] 1.601960
u[2][15][16] 1.505670
u[2][15][17] 1.059660
u[2][15][18] 0.917134
u[2][15][19] 0.686197
u[2][15][20] 0.247903
u[2][16][0] 0.024289
u[2][16][1] 0.719250
u[2][16][2] 0.827318
u[2][16][3] 0.783721
u[2][16][4] 1.343360
u[2][16][5] 1.419040
u[2][16][6] 1.297760
u[2][16][7] 1.115930
u[2][16][8] 1.077150
u[2][16][9] 1.205430
u[2][16][10] 0.823912
u[2][16][11] 0.723705
u[2][16][12] 0.757836
u[2][16][13] 1.076920
u[2][16][14] 1.472480
u[2][16][15] 1.505670
u[2][16][16] 1.446880
u[2][16][17] 1.032730
u[2][16][18] 0.847413
u[2][16][19] 0.577904
u[2][16][20] 0.167893
u[2][17][0] -0.091902
u[2][17][1] 0.508479
u[2][17][2] 0.585589
u[2][17][3] 0.528724
u[2][17][4] 1.056610
u[2][17][5] 1.118450
u[2][17][6] 0.916870
u[2][17][7] 0.629644
u[2][17][8] 0.489375
u[2][17][9] 0.564529
u[2][17][10] 0.257199
u[2][17][11] 0.127010
u[2][17][12] 0.158320
u[2][17][13] 0.502589
u[2][17][14] 0.935611
u[2][17][15] 1.059660
u[2][17][16] 1.032730
u[2][17][17] 0.644218
u[2][17][18] 0.516075
u[2][17][19] 0.323401
u[2][17][20] 0.003965
u[2][18][0] -0.088294
u[2][18][1] 0.443347
u[2][18][2] 0.529949
u[2][18][3] 0.464135
u[2][18][4] 0.919468
u[2][18][5] 1.023190
u[2][18][6] 0.780291
u[2][18][7] 0.505309
u[2][18][8] 0.390499
u[2][18][9] 0.471117
u[2][18][10] 0.284985
u[2][18][11] 0.120966
u[2][18][12] 0.116846
u[2][18][13] 0.371531
u[2][18][14] 0.742120
u[2][18][15] 0.917133
u[2][18][16] 0.847413
u[2][18][17] 0.516074
u[2][18][18] 0.444022
u[2][18][19] 0.274510
u[2][18][20] -0.020726
u[2][19][0] 0.026796
u[2][19][1] 0.355757
u[2][19][2] 0.372599
u[2][19][3] 0.331784
u[2][19][4] 0.679232
u[2][19][5] 0.818221
u[2][19][6] 0.636505
u[2][19][7] 0.394118
u[2][19][8] 0.320268
u[2][19][9] 0.404587
u[2][19][10] 0.275948
u[2][19][11] 0.150467
u[2][19][12] 0.105997
u[2][19][13] 0.260806
u[2][19][14] 0.554983
u[2][19][15] 0.686196
u[2][19][16] 0.577904
u[2][19][17] 0.323402
u[2][19][18] 0.274510
u[2][19][19] 0.212786
u[2][19][20] 0.064658
u[2][20][0] 0.079640
u[2][20][1] 0.140417
u[2][20][2] 0.033736
u[2][20][3] 0.014543
u[2][20][4] 0.229900
u[2][20][5] 0.326315
u[2][20][6] 0.232491
u[2][20][7] 0.056937
u[2][20][8] -0.015177
u[2][20][9] 0.020106
u[2][20][10] -0.063202
u[2][20][11] -0.110251
u[2][20][12] -0.125886
u[2][20][13] -0.016697
u[2][20][14] 0.182167
u[2][20][15] 0.247904
u[2][20][16] 0.167893
u[2][20][17] 0.003965
u[2][20][18] -0.020726
u[2][20][19] 0.064659
u[2][20][20] 0.098812
