0.000000
0.000000
0.000000
0.000000
0.000000
0.000000
0.000000
0.000000
0.000000
0.000000
0.000000
0.000000
0.000000
0.000000
0.000000
0.000000
0.000000
0.000000
0.000000
0.000000
0.000000
0.000000
0.000000
0.000000
0.000000
0.000000
0.000000
0.000000
0.000000
0.000000
0.000000
0.000000
0.000000
0.000000
0.000000
0.000000
0.000000
0.000000
0.000000
0.000000
0.000000
0.000000
0.000000
0.000000
0.747246
0.855040
0.899556
0.880142
0.889079
0.858878
0.856766
0.713784
0.608358
0.549253
0.468218
0.417356
0.274190
0.230809
0.260607
0.397261
0.525008
0.632656
0.000000
0.000000
0.000000
0.855040
0.974321
0.976109
0.932624
0.974519
1.016023
1.013750
0.858881
0.723962
0.612127
0.475485
0.326859
0.079568
-0.068489
-0.043021
0.187476
0.432967
0.602980
0.000000
0.000000
0.000000
0.899556
0.976109
0.980956
0.961190
0.984348
0.950300
0.842372
0.671276
0.454175
0.254792
0.067021
-0.150130
-0.399597
-0.555173
-0.479367
-0.155312
0.227592
0.533218
0.000000
0.000000
0.000000
0.880142
0.932624
0.961190
1.016397
1.033781
0.899372
0.789992
0.639592
0.365108
0.089345
-0.160834
-0.405263
-0.683944
-0.825697
-0.737840
-0.382883
0.086157
0.490587
0.000000
0.000000
0.000000
0.889079
0.974519
0.984348
1.033781
1.095783
0.990412
0.965004
0.870256
0.575743
0.246564
-0.035907
-0.285083
-0.609438
-0.794766
-0.758348
-0.387045
0.129958
0.560124
0.000000
0.000000
0.000000
0.858878
1.016023
0.950300
0.899372
0.990412
0.849127
0.769782
0.630730
0.275476
-0.079074
-0.328635
-0.486153
-0.732662
-0.888924
-0.867036
-0.428872
0.168228
0.629560
0.000000
0.000000
0.000000
0.856766
1.013750
0.842372
0.789992
0.965004
0.769782
0.621727
0.393191
0.020086
-0.338731
-0.565163
-0.599406
-0.761324
-0.858900
-0.884524
-0.435630
0.240174
0.761010
0.000000
0.000000
0.000000
0.713784
0.858881
0.671276
0.639592
0.870256
0.630730
0.393191
0.116774
-0.217934
-0.550763
-0.732655
-0.654613
-0.692954
-0.721513
-0.782390
-0.355480
0.314661
0.868777
0.000000
0.000000
0.000000
0.608358
0.723962
0.454175
0.365108
0.575743
0.275476
0.020086
-0.217934
-0.432854
-0.673567
-0.787636
-0.597494
-0.526717
-0.473354
-0.548230
-0.152534
0.499659
1.053158
0.000000
0.000000
0.000000
0.549253
0.612127
0.254792
0.089345
0.246564
-0.079074
-0.338731
-0.550763
-0.673567
-0.852203
-0.912162
-0.642854
-0.485155
-0.366890
-0.432148
-0.040160
0.610410
1.199209
0.000000
0.000000
0.000000
0.468218
0.475485
0.067021
-0.160834
-0.035907
-0.328635
-0.565163
-0.732655
-0.787636
-0.912162
-0.917650
-0.599591
-0.379140
-0.235553
-0.287433
0.092316
0.721547
1.336862
0.000000
0.000000
0.000000
0.417356
0.326859
-0.150130
-0.405263
-0.285083
-0.486153
-0.599406
-0.654613
-0.597494
-0.642854
-0.599591
-0.265520
-0.042141
0.101414
0.051674
0.388084
0.959732
1.539813
0.000000
0.000000
0.000000
0.274190
0.079568
-0.399597
-0.683944
-0.609438
-0.732662
-0.761324
-0.692954
-0.526717
-0.485155
-0.379140
-0.042141
0.212392
0.365358
0.354897
0.648126
1.110870
1.643961
0.000000
0.000000
0.000000
0.230809
-0.068489
-0.555173
-0.825697
-0.794766
-0.888924
-0.858900
-0.721513
-0.473354
-0.366890
-0.235553
0.101414
0.365358
0.540960
0.565195
0.795545
1.186928
1.715432
0.000000
0.000000
0.000000
0.260607
-0.043021
-0.479367
-0.737840
-0.758348
-0.867036
-0.884524
-0.782390
-0.548230
-0.432148
-0.287433
0.051674
0.354897
0.565195
0.638138
0.856384
1.205389
1.714587
0.000000
0.000000
0.000000
0.397261
0.187476
-0.155312
-0.382883
-0.387045
-0.428872
-0.435630
-0.355480
-0.152534
-0.040160
0.092316
0.388084
0.648126
0.795545
0.856384
1.057719
1.337931
1.743761
0.000000
0.000000
0.000000
0.525008
0.432967
0.227592
0.086157
0.129958
0.168228
0.240174
0.314661
0.499659
0.610410
0.721547
0.959732
1.110870
1.186928
1.205389
1.337931
1.500955
1.746334
0.000000
0.000000
0.000000
0.632656
0.602980
0.533218
0.490587
0.560124
0.629560
0.761010
0.868777
1.053158
1.199209
1.336862
1.539813
1.643961
1.715432
1.714587
1.743761
1.746334
1.825808
0.000000
0.000000
0.000000
0.000000
0.000000
0.000000
0.000000
0.000000
0.000000
0.000000
0.000000
0.000000
0.000000
0.000000
0.000000
0.000000
0.000000
0.000000
0.000000
0.000000
0.000000
0.000000
0.000000
0.000000
0.000000
0.000000
0.000000
0.000000
0.000000
0.000000
0.000000
0.000000
0.000000
0.000000
0.000000
0.000000
0.000000
0.000000
0.000000
0.000000
0.000000
0.000000
0.000000
0.000000
0.000000
0.000000
0.000000
0.000000
0.000000
0.000000
0.000000
0.000000
0.000000
0.000000
0.000000
0.000000
0.000000
0.000000
0.000000
0.000000
0.000000
0.000000
0.000000
0.000000
0.000000
0.000000
0.747246
0.855040
0.899556
0.880142
0.889079
0.858878
0.856766
0.713784
0.608358
0.549253
0.468218
0.417356
0.274190
0.230809
0.260607
0.397261
0.525008
0.632656
0.000000
0.000000
0.000000
0.855040
0.974321
0.976109
0.932624
0.974519
1.016023
1.013750
0.858881
0.723962
0.612127
0.475485
0.326859
0.079568
-0.068489
-0.043021
0.187476
0.432967
0.602980
0.000000
0.000000
0.000000
0.899556
0.976109
0.980956
0.961190
0.984348
0.950300
0.842372
0.671276
0.454175
0.254792
0.067021
-0.150130
-0.399597
-0.555173
-0.479367
-0.155312
0.227592
0.533218
0.000000
0.000000
0.000000
0.880142
0.932624
0.961190
1.016397
1.033781
0.899372
0.789992
0.639592
0.365108
0.089345
-0.160834
-0.405263
-0.683944
-0.825697
-0.737840
-0.382883
0.086157
0.490587
0.000000
0.000000
0.000000
0.889079
0.974519
0.984348
1.033781
1.095783
0.990412
0.965004
0.870256
0.575743
0.246564
-0.035907
-0.285083
-0.609438
-0.794766
-0.758348
-0.387045
0.129958
0.560124
0.000000
0.000000
0.000000
0.858878
1.016023
0.950300
0.899372
0.990412
0.849127
0.769782
0.630730
0.275476
-0.079074
-0.328635
-0.486153
-0.732662
-0.888924
-0.867036
-0.428872
0.168228
0.629560
0.000000
0.000000
0.000000
0.856766
1.013750
0.842372
0.789992
0.965004
0.769782
0.621727
0.393191
0.020086
-0.338731
-0.565163
-0.599406
-0.761324
-0.858900
-0.884524
-0.435630
0.240174
0.761010
0.000000
0.000000
0.000000
0.713784
0.858881
0.671276
0.639592
0.870256
0.630730
0.393191
0.116774
-0.217934
-0.550763
-0.732655
-0.654613
-0.692954
-0.721513
-0.782390
-0.355480
0.314661
0.868777
0.000000
0.000000
0.000000
0.608358
0.723962
0.454175
0.365108
0.575743
0.275476
0.020086
-0.217934
-0.432854
-0.673567
-0.787636
-0.597494
-0.526717
-0.473354
-0.548230
-0.152534
0.499659
1.053158
0.000000
0.000000
0.000000
0.549253
0.612127
0.254792
0.089345
0.246564
-0.079074
-0.338731
-0.550763
-0.673567
-0.852203
-0.912162
-0.642854
-0.485155
-0.366890
-0.432148
-0.040160
0.610410
1.199209
0.000000
0.000000
0.000000
0.468218
0.475485
0.067021
-0.160834
-0.035907
-0.328635
-0.565163
-0.732655
-0.787636
-0.912162
-0.917650
-0.599591
-0.379140
-0.235553
-0.287433
0.092316
0.721547
1.336862
0.000000
0.000000
0.000000
0.417356
0.326859
-0.150130
-0.405263
-0.285083
-0.486153
-0.599406
-0.654613
-0.597494
-0.642854
-0.599591
-0.265520
-0.042141
0.101414
0.051674
0.388084
0.959732
1.539813
0.000000
0.000000
0.000000
0.274190
0.079568
-0.399597
-0.683944
-0.609438
-0.732662
-0.761324
-0.692954
-0.526717
-0.485155
-0.379140
-0.042141
0.212392
0.365358
0.354897
0.648126
1.110870
1.643961
0.000000
0.000000
0.000000
0.230809
-0.068489
-0.555173
-0.825697
-0.794766
-0.888924
-0.858900
-0.721513
-0.473354
-0.366890
-0.235553
0.101414
0.365358
0.540960
0.565195
0.795545
1.186928
1.715432
0.000000
0.000000
0.000000
0.260607
-0.043021
-0.479367
-0.737840
-0.758348
-0.867036
-0.884524
-0.782390
-0.548230
-0.432148
-0.287433
0.051674
0.354897
0.565195
0.638138
0.856384
1.205389
1.714587
0.000000
0.000000
0.000000
0.397261
0.187476
-0.155312
-0.382883
-0.387045
-0.428872
-0.435630
-0.355480
-0.152534
-0.040160
0.092316
0.388084
0.648126
0.795545
0.856384
1.057719
1.337931
1.743761
0.000000
0.000000
0.000000
0.525008
0.432967
0.227592
0.086157
0.129958
0.168228
0.240174
0.314661
0.499659
0.610410
0.721547
0.959732
1.110870
1.186928
1.205389
1.337931
1.500955
1.746334
0.000000
0.000000
0.000000
0.632656
0.602980
0.533218
0.490587
0.560124
0.629560
0.761010
0.868777
1.053158
1.199209
1.336862
1.539813
1.643961
1.715432
1.714587
1.743761
1.746334
1.825808
0.000000
0.000000
0.000000
0.000000
0.000000
0.000000
0.000000
0.000000
0.000000
0.000000
0.000000
0.000000
0.000000
0.000000
0.000000
0.000000
0.000000
0.000000
0.000000
0.000000
0.000000
0.000000
0.000000
0.000000
0.000000
0.000000
0.000000
0.000000
0.000000
0.000000
0.000000
0.000000
0.000000
0.000000
0.000000
0.000000
0.000000
0.000000
0.000000
0.000000
0.000000
0.000000
0.000000
0.000000
0.000000
0.000000
0.000000
0.000000
0.000000
0.000000
0.000000
0.000000
0.000000
0.000000
0.000000
0.000000
0.000000
0.000000
0.000000
0.000000
0.000000
0.000000
0.000000
0.000000
0.000000
0.000000
0.747246
0.855040
0.899556
0.880142
0.889079
0.858878
0.856766
0.713784
0.608358
0.549253
0.468218
0.417356
0.274190
0.230809
0.260607
0.397261
0.525008
0.632656
0.000000
0.000000
0.000000
0.855040
0.974321
0.976109
0.932624
0.974519
1.016023
1.013750
0.858881
0.723962
0.612127
0.475485
0.326859
0.079568
-0.068489
-0.043021
0.187476
0.432967
0.602980
0.000000
0.000000
0.000000
0.899556
0.976109
0.980956
0.961190
0.984348
0.950300
0.842372
0.671276
0.454175
0.254792
0.067021
-0.150130
-0.399597
-0.555173
-0.479367
-0.155312
0.227592
0.533218
0.000000
0.000000
0.000000
0.880142
0.932624
0.961190
1.016397
1.033781
0.899372
0.789992
0.639592
0.365108
0.089345
-0.160834
-0.405263
-0.683944
-0.825697
-0.737840
-0.382883
0.086157
0.490587
0.000000
0.000000
0.000000
0.889079
0.974519
0.984348
1.033781
1.095783
0.990412
0.965004
0.870256
0.575743
0.246564
-0.035907
-0.285083
-0.609438
-0.794766
-0.758348
-0.387045
0.129958
0.560124
0.000000
0.000000
0.000000
0.858878
1.016023
0.950300
0.899372
0.990412
0.849127
0.769782
0.630730
0.275476
-0.079074
-0.328635
-0.486153
-0.732662
-0.888924
-0.867036
-0.428872
0.168228
0.629560
0.000000
0.000000
0.000000
0.856766
1.013750
0.842372
0.789992
0.965004
0.769782
0.621727
0.393191
0.020086
-0.338731
-0.565163
-0.599406
-0.761324
-0.858900
-0.884524
-0.435630
0.240174
0.761010
0.000000
0.000000
0.000000
0.713784
0.858881
0.671276
0.639592
0.870256
0.630730
0.393191
0.116774
-0.217934
-0.550763
-0.732655
-0.654613
-0.692954
-0.721513
-0.782390
-0.355480
0.314661
0.868777
0.000000
0.000000
0.000000
0.608358
0.723962
0.454175
0.365108
0.575743
0.275476
0.020086
-0.217934
-0.432854
-0.673567
-0.787636
-0.597494
-0.526717
-0.473354
-0.548230
-0.152534
0.499659
1.053158
0.000000
0.000000
0.000000
0.549253
0.612127
0.254792
0.089345
0.246564
-0.079074
-0.338731
-0.550763
-0.673567
-0.852203
-0.912162
-0.642854
-0.485155
-0.366890
-0.432148
-0.040160
0.610410
1.199209
0.000000
0.000000
0.000000
0.468218
0.475485
0.067021
-0.160834
-0.035907
-0.328635
-0.565163
-0.732655
-0.787636
-0.912162
-0.917650
-0.599591
-0.379140
-0.235553
-0.287433
0.092316
0.721547
1.336862
0.000000
0.000000
0.000000
0.417356
0.326859
-0.150130
-0.405263
-0.285083
-0.486153
-0.599406
-0.654613
-0.597494
-0.642854
-0.599591
-0.265520
-0.042141
0.101414
0.051674
0.388084
0.959732
1.539813
0.000000
0.000000
0.000000
0.274190
0.079568
-0.399597
-0.683944
-0.609438
-0.732662
-0.761324
-0.692954
-0.526717
-0.485155
-0.379140
-0.042141
0.212392
0.365358
0.354897
0.648126
1.110870
1.643961
0.000000
0.000000
0.000000
0.230809
-0.068489
-0.555173
-0.825697
-0.794766
-0.888924
-0.858900
-0.721513
-0.473354
-0.366890
-0.235553
0.101414
0.365358
0.540960
0.565195
0.795545
1.186928
1.715432
0.000000
0.000000
0.000000
0.260607
-0.043021
-0.479367
-0.737840
-0.758348
-0.867036
-0.884524
-0.782390
-0.548230
-0.432148
-0.287433
0.051674
0.354897
0.565195
0.638138
0.856384
1.205389
1.714587
0.000000
0.000000
0.000000
0.397261
0.187476
-0.155312
-0.382883
-0.387045
-0.428872
-0.435630
-0.355480
-0.152534
-0.040160
0.092316
0.388084
0.648126
0.795545
0.856384
1.057719
1.337931
1.743761
0.000000
0.000000
0.000000
0.525008
0.432967
0.227592
0.086157
0.129958
0.168228
0.240174
0.314661
0.499659
0.610410
0.721547
0.959732
1.110870
1.186928
1.205389
1.337931
1.500955
1.746334
0.000000
0.000000
0.000000
0.632656
0.602980
0.533218
0.490587
0.560124
0.629560
0.761010
0.868777
1.053158
1.199209
1.336862
1.539813
1.643961
1.715432
1.714587
1.743761
1.746334
1.825808
0.000000
0.000000
0.000000
0.000000
0.000000
0.000000
0.000000
0.000000
0.000000
0.000000
0.000000
0.000000
0.000000
0.000000
0.000000
0.000000
0.000000
0.000000
0.000000
0.000000
0.000000
0.000000
