u[0][0][0] 1.000000
u[0][0][1] 1.000000
u[0][0][2] 1.000000
u[0][0][3] 1.000000
u[0][0][4] 1.000000
u[0][0][5] 1.000000
u[0][0][6] 1.000000
u[0][0][7] 1.000000
u[0][0][8] 1.000000
u[0][0][9] 1.000000
u[0][0][10] 1.000000
u[0][0][11] 1.000000
u[0][0][12] 1.000000
u[0][0][13] 1.000000
u[0][0][14] 1.000000
u[0][0][15] 1.000000
u[0][0][16] 1.000000
u[0][0][17] 1.000000
u[0][0][18] 1.000000
u[0][0][19] 1.000000
u[0][0][20] 1.000000
u[0][1][0] 1.000000
u[0][1][1] 1.000000
u[0][1][2] 1.000000
u[0][1][3] 1.000000
u[0][1][4] 1.000000
u[0][1][5] 1.000000
u[0][1][6] 1.000000
u[0][1][7] 1.000000
u[0][1][8] 1.000000
u[0][1][9] 1.000000
u[0][1][10] 1.000000
u[0][1][11] 1.000000
u[0][1][12] 1.000000
u[0][1][13] 1.000000
u[0][1][14] 1.000000
u[0][1][15] 1.000000
u[0][1][16] 1.000000
u[0][1][17] 1.000000
u[0][1][18] 1.000000
u[0][1][19] 1.000000
u[0][1][20] 1.000000
u[0][2][0] 1.000000
u[0][2][1] 1.000000
u[0][2][2] 0.692231
u[0][2][3] 0.752612
u[0][2][4] 0.790681
u[0][2][5] 0.831138
u[0][2][6] 0.776303
u[0][2][7] 0.755798
u[0][2][8] 0.771377
u[0][2][9] 0.616601
u[0][2][10] 0.501732
u[0][2][11] 0.421963
u[0][2][12] 0.383030
u[0][2][13] 0.368466
u[0][2][14] 0.230062
u[0][2][15] 0.158414
u[0][2][16] 0.186980
u[0][2][17] 0.284523
u[0][2][18] 0.412496
u[0][2][19] 0.523745
u[0][2][20] 1.000010
u[0][3][0] 1.000000
u[0][3][1] 1.000000
u[0][3][2] 0.752612
u[0][3][3] 0.900902
u[0][3][4] 0.964567
u[0][3][5] 0.970351
u[0][3][6] 0.982515
u[0][3][7] 1.050911
u[0][3][8] 1.049021
u[0][3][9] 0.873931
u[0][3][10] 0.675503
u[0][3][11] 0.520733
u[0][3][12] 0.426054
u[0][3][13] 0.317215
u[0][3][14] 0.080765
u[0][3][15] -0.135242
u[0][3][16] -0.139424
u[0][3][17] 0.046870
u[0][3][18] 0.280416
u[0][3][19] 0.468202
u[0][3][20] 1.001660
u[0][4][0] 1.000000
u[0][4][1] 1.000000
u[0][4][2] 0.790681
u[0][4][3] 0.964567
u[0][4][4] 0.978179
u[0][4][5] 0.962565
u[0][4][6] 1.023928
u[0][4][7] 1.023519
u[0][4][8] 0.910428
u[0][4][9] 0.729802
u[0][4][10] 0.483614
u[0][4][11] 0.265338
u[0][4][12] 0.098064
u[0][4][13] -0.059474
u[0][4][14] -0.292441
u[0][4][15] -0.534284
u[0][4][16] -0.543215
u[0][4][17] -0.274071
u[0][4][18] 0.103991
u[0][4][19] 0.396297
u[0][4][20] 1.019380
u[0][5][0] 1.000000
u[0][5][1] 1.000000
u[0][5][2] 0.831138
u[0][5][3] 0.970351
u[0][5][4] 0.962565
u[0][5][5] 1.041326
u[0][5][6] 1.151321
u[0][5][7] 1.049454
u[0][5][8] 0.884820
u[0][5][9] 0.720124
u[0][5][10] 0.485855
u[0][5][11] 0.189407
u[0][5][12] -0.093875
u[0][5][13] -0.285685
u[0][5][14] -0.523882
u[0][5][15] -0.751158
u[0][5][16] -0.790968
u[0][5][17] -0.512643
u[0][5][18] -0.039421
u[0][5][19] 0.364109
u[0][5][20] 1.082940
u[0][6][0] 1.000000
u[0][6][1] 1.000000
u[0][6][2] 0.776303
u[0][6][3] 0.982515
u[0][6][4] 1.023928
u[0][6][5] 1.151321
u[0][6][6] 1.322969
u[0][6][7] 1.214727
u[0][6][8] 1.072224
u[0][6][9] 0.955928
u[0][6][10] 0.742027
u[0][6][11] 0.369141
u[0][6][12] -0.018555
u[0][6][13] -0.246316
u[0][6][14] -0.499686
u[0][6][15] -0.746682
u[0][6][16] -0.844745
u[0][6][17] -0.576409
u[0][6][18] -0.075568
u[0][6][19] 0.361806
u[0][6][20] 1.214450
u[0][7][0] 1.000000
u[0][7][1] 1.000000
u[0][7][2] 0.755798
u[0][7][3] 1.050911
u[0][7][4] 1.023519
u[0][7][5] 1.049454
u[0][7][6] 1.214727
u[0][7][7] 1.063008
u[0][7][8] 0.899170
u[0][7][9] 0.764111
u[0][7][10] 0.562116
u[0][7][11] 0.174941
u[0][7][12] -0.228179
u[0][7][13] -0.381085
u[0][7][14] -0.557629
u[0][7][15] -0.750451
u[0][7][16] -0.855556
u[0][7][17] -0.538362
u[0][7][18] 0.014705
u[0][7][19] 0.439808
u[0][7][20] 1.414900
u[0][8][0] 1.000000
u[0][8][1] 1.000000
u[0][8][2] 0.771377
u[0][8][3] 1.049021
u[0][8][4] 0.910428
u[0][8][5] 0.884820
u[0][8][6] 1.072224
u[0][8][7] 0.899170
u[0][8][8] 0.656810
u[0][8][9] 0.403651
u[0][8][10] 0.202727
u[0][8][11] -0.198370
u[0][8][12] -0.596123
u[0][8][13] -0.632416
u[0][8][14] -0.700300
u[0][8][15] -0.820001
u[0][8][16] -0.932601
u[0][8][17] -0.576477
u[0][8][18] 0.061366
u[0][8][19] 0.546541
u[0][8][20] 1.668110
u[0][9][0] 1.000000
u[0][9][1] 1.000000
u[0][9][2] 0.616601
u[0][9][3] 0.873931
u[0][9][4] 0.729802
u[0][9][5] 0.720124
u[0][9][6] 0.955928
u[0][9][7] 0.764111
u[0][9][8] 0.403651
u[0][9][9] 0.056263
u[0][9][10] -0.128720
u[0][9][11] -0.511399
u[0][9][12] -0.870859
u[0][9][13] -0.804572
u[0][9][14] -0.727454
u[0][9][15] -0.768739
u[0][9][16] -0.900320
u[0][9][17] -0.559028
u[0][9][18] 0.086707
u[0][9][19] 0.602956
u[0][9][20] 1.949740
u[0][10][0] 1.000000
u[0][10][1] 1.000000
u[0][10][2] 0.501732
u[0][10][3] 0.675503
u[0][10][4] 0.483614
u[0][10][5] 0.485855
u[0][10][6] 0.742027
u[0][10][7] 0.562116
u[0][10][8] 0.202727
u[0][10][9] -0.128720
u[0][10][10] -0.190186
u[0][10][11] -0.478093
u[0][10][12] -0.777508
u[0][10][13] -0.620071
u[0][10][14] -0.449861
u[0][10][15] -0.437338
u[0][10][16] -0.611354
u[0][10][17] -0.344897
u[0][10][18] 0.254758
u[0][10][19] 0.759148
u[0][10][20] 2.234100
u[0][11][0] 1.000000
u[0][11][1] 1.000000
u[0][11][2] 0.421963
u[0][11][3] 0.520733
u[0][11][4] 0.265338
u[0][11][5] 0.189407
u[0][11][6] 0.369141
u[0][11][7] 0.174941
u[0][11][8] -0.198370
u[0][11][9] -0.511399
u[0][11][10] -0.478093
u[0][11][11] -0.687493
u[0][11][12] -0.916312
u[0][11][13] -0.690753
u[0][11][14] -0.423267
u[0][11][15] -0.331459
u[0][11][16] -0.476052
u[0][11][17] -0.212609
u[0][11][18] 0.380134
u[0][11][19] 0.894219
u[0][11][20] 2.497980
u[0][12][0] 1.000000
u[0][12][1] 1.000000
u[0][12][2] 0.383030
u[0][12][3] 0.426054
u[0][12][4] 0.098064
u[0][12][5] -0.093875
u[0][12][6] -0.018555
u[0][12][7] -0.228179
u[0][12][8] -0.596123
u[0][12][9] -0.870859
u[0][12][10] -0.777508
u[0][12][11] -0.916312
u[0][12][12] -1.076489
u[0][12][13] -0.810317
u[0][12][14] -0.464351
u[0][12][15] -0.295791
u[0][12][16] -0.367953
u[0][12][17] -0.068399
u[0][12][18] 0.525241
u[0][12][19] 1.033869
u[0][12][20] 2.722320
u[0][13][0] 1.000000
u[0][13][1] 1.000000
u[0][13][2] 0.368466
u[0][13][3] 0.317215
u[0][13][4] -0.059474
u[0][13][5] -0.285685
u[0][13][6] -0.246316
u[0][13][7] -0.381085
u[0][13][8] -0.632416
u[0][13][9] -0.804572
u[0][13][10] -0.620071
u[0][13][11] -0.690753
u[0][13][12] -0.810317
u[0][13][13] -0.558636
u[0][13][14] -0.226400
u[0][13][15] -0.039740
u[0][13][16] -0.079133
u[0][13][17] 0.199271
u[0][13][18] 0.750228
u[0][13][19] 1.225041
u[0][13][20] 2.892580
u[0][14][0] 1.000000
u[0][14][1] 1.000000
u[0][14][2] 0.230062
u[0][14][3] 0.080765
u[0][14][4] -0.292441
u[0][14][5] -0.523882
u[0][14][6] -0.499686
u[0][14][7] -0.557629
u[0][14][8] -0.700300
u[0][14][9] -0.727454
u[0][14][10] -0.449861
u[0][14][11] -0.423267
u[0][14][12] -0.464351
u[0][14][13] -0.226400
u[0][14][14] 0.116393
u[0][14][15] 0.315802
u[0][14][16] 0.296359
u[0][14][17] 0.508839
u[0][14][18] 0.941172
u[0][14][19] 1.338171
u[0][14][20] 2.998670
u[0][15][0] 1.000000
u[0][15][1] 1.000000
u[0][15][2] 0.158414
u[0][15][3] -0.135242
u[0][15][4] -0.534284
u[0][15][5] -0.751158
u[0][15][6] -0.746682
u[0][15][7] -0.750451
u[0][15][8] -0.820001
u[0][15][9] -0.768739
u[0][15][10] -0.437338
u[0][15][11] -0.331459
u[0][15][12] -0.295791
u[0][15][13] -0.039740
u[0][15][14] 0.315802
u[0][15][15] 0.523937
u[0][15][16] 0.527398
u[0][15][17] 0.678379
u[0][15][18] 1.037172
u[0][15][19] 1.423293
u[0][15][20] 3.034680
u[0][16][0] 1.000000
u[0][16][1] 1.000000
u[0][16][2] 0.186980
u[0][16][3] -0.139424
u[0][16][4] -0.543215
u[0][16][5] -0.790968
u[0][16][6] -0.844745
u[0][16][7] -0.855556
u[0][16][8] -0.932601
u[0][16][9] -0.900320
u[0][16][10] -0.611354
u[0][16][11] -0.476052
u[0][16][12] -0.367953
u[0][16][13] -0.079133
u[0][16][14] 0.296359
u[0][16][15] 0.527398
u[0][16][16] 0.595091
u[0][16][17] 0.767047
u[0][16][18] 1.112225
u[0][16][19] 1.475856
u[0][16][20] 2.998670
u[0][17][0] 1.000000
u[0][17][1] 1.000000
u[0][17][2] 0.284523
u[0][17][3] 0.046870
u[0][17][4] -0.274071
u[0][17][5] -0.512643
u[0][17][6] -0.576409
u[0][17][7] -0.538362
u[0][17][8] -0.576477
u[0][17][9] -0.559028
u[0][17][10] -0.344897
u[0][17][11] -0.212609
u[0][17][12] -0.068399
u[0][17][13] 0.199271
u[0][17][14] 0.508839
u[0][17][15] 0.678379
u[0][17][16] 0.767047
u[0][17][17] 0.951182
u[0][17][18] 1.226727
u[0][17][19] 1.489532
u[0][17][20] 2.892580
u[0][18][0] 1.000000
u[0][18][1] 1.000000
u[0][18][2] 0.412496
u[0][18][3] 0.280416
u[0][18][4] 0.103991
u[0][18][5] -0.039421
u[0][18][6] -0.075568
u[0][18][7] 0.014705
u[0][18][8] 0.061366
u[0][18][9] 0.086707
u[0][18][10] 0.254758
u[0][18][11] 0.380134
u[0][18][12] 0.525241
u[0][18][13] 0.750228
u[0][18][14] 0.941172
u[0][18][15] 1.037172
u[0][18][16] 1.112225
u[0][18][17] 1.226727
u[0][18][18] 1.376816
u[0][18][19] 1.517742
u[0][18][20] 2.722320
u[0][19][0] 1.000000
u[0][19][1] 1.000000
u[0][19][2] 0.523745
u[0][19][3] 0.468202
u[0][19][4] 0.396297
u[0][19][5] 0.364109
u[0][19][6] 0.361806
u[0][19][7] 0.439808
u[0][19][8] 0.546541
u[0][19][9] 0.602956
u[0][19][10] 0.759148
u[0][19][11] 0.894219
u[0][19][12] 1.033869
u[0][19][13] 1.225041
u[0][19][14] 1.338171
u[0][19][15] 1.423293
u[0][19][16] 1.475856
u[0][19][17] 1.489532
u[0][19][18] 1.517742
u[0][19][19] 1.512755
u[0][19][20] 2.497980
u[0][20][0] 1.000000
u[0][20][1] 1.000000
u[0][20][2] 1.000010
u[0][20][3] 1.001660
u[0][20][4] 1.019380
u[0][20][5] 1.082940
u[0][20][6] 1.214450
u[0][20][7] 1.414900
u[0][20][8] 1.668110
u[0][20][9] 1.949740
u[0][20][10] 2.234100
u[0][20][11] 2.497980
u[0][20][12] 2.722320
u[0][20][13] 2.892580
u[0][20][14] 2.998670
u[0][20][15] 3.034680
u[0][20][16] 2.998670
u[0][20][17] 2.892580
u[0][20][18] 2.722320
u[0][20][19] 2.497980
u[0][20][20] 2.234100
u[1][0][0] 1.000000
u[1][0][1] 1.000000
u[1][0][2] 1.000000
u[1][0][3] 1.000000
u[1][0][4] 1.000000
u[1][0][5] 1.000000
u[1][0][6] 1.000000
u[1][0][7] 1.000000
u[1][0][8] 1.000000
u[1][0][9] 1.000000
u[1][0][10] 1.000000
u[1][0][11] 1.000000
u[1][0][12] 1.000000
u[1][0][13] 1.000000
u[1][0][14] 1.000000
u[1][0][15] 1.000000
u[1][0][16] 1.000000
u[1][0][17] 1.000000
u[1][0][18] 1.000000
u[1][0][19] 1.000000
u[1][0][20] 1.000000
u[1][1][0] 1.000000
u[1][1][1] 1.000000
u[1][1][2] 1.000000
u[1][1][3] 1.000000
u[1][1][4] 1.000000
u[1][1][5] 1.000000
u[1][1][6] 1.000000
u[1][1][7] 1.000000
u[1][1][8] 1.000000
u[1][1][9] 1.000000
u[1][1][10] 1.000000
u[1][1][11] 1.000000
u[1][1][12] 1.000000
u[1][1][13] 1.000000
u[1][1][14] 1.000000
u[1][1][15] 1.000000
u[1][1][16] 1.000000
u[1][1][17] 1.000000
u[1][1][18] 1.000000
u[1][1][19] 1.000000
u[1][1][20] 1.000000
u[1][2][0] 1.000000
u[1][2][1] 1.000000
u[1][2][2] 0.597637
u[1][2][3] 0.829621
u[1][2][4] 0.866521
u[1][2][5] 0.801256
u[1][2][6] 0.867011
u[1][2][7] 0.854174
u[1][2][8] 0.807651
u[1][2][9] 0.725987
u[1][2][10] 0.643555
u[1][2][11] 0.595212
u[1][2][12] 0.484481
u[1][2][13] 0.370220
u[1][2][14] 0.259274
u[1][2][15] 0.230094
u[1][2][16] 0.261053
u[1][2][17] 0.411446
u[1][2][18] 0.535576
u[1][2][19] 0.517146
u[1][2][20] 1.000010
u[1][3][0] 1.000000
u[1][3][1] 1.000000
u[1][3][2] 0.829621
u[1][3][3] 1.010141
u[1][3][4] 0.968935
u[1][3][5] 0.904732
u[1][3][6] 0.954362
u[1][3][7] 0.938473
u[1][3][8] 0.901527
u[1][3][9] 0.793791
u[1][3][10] 0.714452
u[1][3][11] 0.632318
u[1][3][12] 0.456482
u[1][3][13] 0.258879
u[1][3][14] 0.048721
u[1][3][15] -0.003954
u[1][3][16] 0.064950
u[1][3][17] 0.309199
u[1][3][18] 0.555306
u[1][3][19] 0.607665
u[1][3][20] 1.001660
u[1][4][0] 1.000000
u[1][4][1] 1.000000
u[1][4][2] 0.866521
u[1][4][3] 0.968935
u[1][4][4] 0.975858
u[1][4][5] 0.970946
u[1][4][6] 0.941951
u[1][4][7] 0.867628
u[1][4][8] 0.783249
u[1][4][9] 0.630337
u[1][4][10] 0.456486
u[1][4][11] 0.276806
u[1][4][12] 0.060175
u[1][4][13] -0.210459
u[1][4][14] -0.460558
u[1][4][15] -0.504456
u[1][4][16] -0.347341
u[1][4][17] -0.008704
u[1][4][18] 0.349057
u[1][4][19] 0.540263
u[1][4][20] 1.019380
u[1][5][0] 1.000000
u[1][5][1] 1.000000
u[1][5][2] 0.801256
u[1][5][3] 0.904732
u[1][5][4] 0.970946
u[1][5][5] 0.979364
u[1][5][6] 0.893966
u[1][5][7] 0.776010
u[1][5][8] 0.724984
u[1][5][9] 0.581184
u[1][5][10] 0.292110
u[1][5][11] 0.045004
u[1][5][12] -0.170427
u[1][5][13] -0.470270
u[1][5][14] -0.764680
u[1][5][15] -0.815266
u[1][5][16] -0.603903
u[1][5][17] -0.199126
u[1][5][18] 0.231033
u[1][5][19] 0.491808
u[1][5][20] 1.082940
u[1][6][0] 1.000000
u[1][6][1] 1.000000
u[1][6][2] 0.867011
u[1][6][3] 0.954362
u[1][6][4] 0.941951
u[1][6][5] 0.893966
u[1][6][6] 0.815040
u[1][6][7] 0.741721
u[1][6][8] 0.787453
u[1][6][9] 0.677392
u[1][6][10] 0.322171
u[1][6][11] 0.054205
u[1][6][12] -0.114756
u[1][6][13] -0.387279
u[1][6][14] -0.728582
u[1][6][15] -0.827385
u[1][6][16] -0.632480
u[1][6][17] -0.180397
u[1][6][18] 0.320704
u[1][6][19] 0.599979
u[1][6][20] 1.214450
u[1][7][0] 1.000000
u[1][7][1] 1.000000
u[1][7][2] 0.854174
u[1][7][3] 0.938473
u[1][7][4] 0.867628
u[1][7][5] 0.776010
u[1][7][6] 0.741721
u[1][7][7] 0.655069
u[1][7][8] 0.638389
u[1][7][9] 0.463075
u[1][7][10] -0.003869
u[1][7][11] -0.305732
u[1][7][12] -0.405371
u[1][7][13] -0.591409
u[1][7][14] -0.878124
u[1][7][15] -0.979023
u[1][7][16] -0.797320
u[1][7][17] -0.288342
u[1][7][18] 0.305415
u[1][7][19] 0.654691
u[1][7][20] 1.414900
u[1][8][0] 1.000000
u[1][8][1] 1.000000
u[1][8][2] 0.807651
u[1][8][3] 0.901527
u[1][8][4] 0.783249
u[1][8][5] 0.724984
u[1][8][6] 0.787453
u[1][8][7] 0.638389
u[1][8][8] 0.560890
u[1][8][9] 0.353379
u[1][8][10] -0.157488
u[1][8][11] -0.450289
u[1][8][12] -0.492407
u[1][8][13] -0.577537
u[1][8][14] -0.796528
u[1][8][15] -0.869108
u[1][8][16] -0.741385
u[1][8][17] -0.244573
u[1][8][18] 0.394592
u[1][8][19] 0.766594
u[1][8][20] 1.668110
u[1][9][0] 1.000000
u[1][9][1] 1.000000
u[1][9][2] 0.725987
u[1][9][3] 0.793791
u[1][9][4] 0.630337
u[1][9][5] 0.581184
u[1][9][6] 0.677392
u[1][9][7] 0.463075
u[1][9][8] 0.353379
u[1][9][9] 0.158631
u[1][9][10] -0.303151
u[1][9][11] -0.551700
u[1][9][12] -0.534862
u[1][9][13] -0.505305
u[1][9][14] -0.641231
u[1][9][15] -0.661734
u[1][9][16] -0.565292
u[1][9][17] -0.093370
u[1][9][18] 0.541730
u[1][9][19] 0.919192
u[1][9][20] 1.949740
u[1][10][0] 1.000000
u[1][10][1] 1.000000
u[1][10][2] 0.643555
u[1][10][3] 0.714452
u[1][10][4] 0.456486
u[1][10][5] 0.292110
u[1][10][6] 0.322171
u[1][10][7] -0.003869
u[1][10][8] -0.157488
u[1][10][9] -0.303151
u[1][10][10] -0.683773
u[1][10][11] -0.857709
u[1][10][12] -0.760218
u[1][10][13] -0.610412
u[1][10][14] -0.626306
u[1][10][15] -0.552559
u[1][10][16] -0.428708
u[1][10][17] 0.066375
u[1][10][18] 0.716887
u[1][10][19] 1.083968
u[1][10][20] 2.234100
u[1][11][0] 1.000000
u[1][11][1] 1.000000
u[1][11][2] 0.595212
u[1][11][3] 0.632318
u[1][11][4] 0.276806
u[1][11][5] 0.045004
u[1][11][6] 0.054205
u[1][11][7] -0.305732
u[1][11][8] -0.450289
u[1][11][9] -0.551700
u[1][11][10] -0.857709
u[1][11][11] -0.978935
u[1][11][12] -0.836284
u[1][11][13] -0.598633
u[1][11][14] -0.543039
u[1][11][15] -0.427703
u[1][11][16] -0.310504
u[1][11][17] 0.176876
u[1][11][18] 0.830862
u[1][11][19] 1.216772
u[1][11][20] 2.497980
u[1][12][0] 1.000000
u[1][12][1] 1.000000
u[1][12][2] 0.484481
u[1][12][3] 0.456482
u[1][12][4] 0.060175
u[1][12][5] -0.170427
u[1][12][6] -0.114756
u[1][12][7] -0.405371
u[1][12][8] -0.492407
u[1][12][9] -0.534862
u[1][12][10] -0.760218
u[1][12][11] -0.836284
u[1][12][12] -0.655278
u[1][12][13] -0.357956
u[1][12][14] -0.269270
u[1][12][15] -0.173689
u[1][12][16] -0.106750
u[1][12][17] 0.319073
u[1][12][18] 0.935952
u[1][12][19] 1.337953
u[1][12][20] 2.722320
u[1][13][0] 1.000000
u[1][13][1] 1.000000
u[1][13][2] 0.370220
u[1][13][3] 0.258879
u[1][13][4] -0.210459
u[1][13][5] -0.470270
u[1][13][6] -0.387279
u[1][13][7] -0.591409
u[1][13][8] -0.577537
u[1][13][9] -0.505305
u[1][13][10] -0.610412
u[1][13][11] -0.598633
u[1][13][12] -0.357956
u[1][13][13] -0.007828
u[1][13][14] 0.116150
u[1][13][15] 0.199956
u[1][13][16] 0.238523
u[1][13][17] 0.608818
u[1][13][18] 1.156655
u[1][13][19] 1.499592
u[1][13][20] 2.892580
u[1][14][0] 1.000000
u[1][14][1] 1.000000
u[1][14][2] 0.259274
u[1][14][3] 0.048721
u[1][14][4] -0.460558
u[1][14][5] -0.764680
u[1][14][6] -0.728582
u[1][14][7] -0.878124
u[1][14][8] -0.796528
u[1][14][9] -0.641231
u[1][14][10] -0.626306
u[1][14][11] -0.543039
u[1][14][12] -0.269270
u[1][14][13] 0.116150
u[1][14][14] 0.275888
u[1][14][15] 0.374630
u[1][14][16] 0.447156
u[1][14][17] 0.796515
u[1][14][18] 1.279809
u[1][14][19] 1.596193
u[1][14][20] 2.998670
u[1][15][0] 1.000000
u[1][15][1] 1.000000
u[1][15][2] 0.230094
u[1][15][3] -0.003954
u[1][15][4] -0.504456
u[1][15][5] -0.815266
u[1][15][6] -0.827385
u[1][15][7] -0.979023
u[1][15][8] -0.869108
u[1][15][9] -0.661734
u[1][15][10] -0.552559
u[1][15][11] -0.427703
u[1][15][12] -0.173689
u[1][15][13] 0.199956
u[1][15][14] 0.374630
u[1][15][15] 0.509545
u[1][15][16] 0.613994
u[1][15][17] 0.924622
u[1][15][18] 1.349405
u[1][15][19] 1.636970
u[1][15][20] 3.034680
u[1][16][0] 1.000000
u[1][16][1] 1.000000
u[1][16][2] 0.261053
u[1][16][3] 0.064950
u[1][16][4] -0.347341
u[1][16][5] -0.603903
u[1][16][6] -0.632480
u[1][16][7] -0.797320
u[1][16][8] -0.741385
u[1][16][9] -0.565292
u[1][16][10] -0.428708
u[1][16][11] -0.310504
u[1][16][12] -0.106750
u[1][16][13] 0.238523
u[1][16][14] 0.447156
u[1][16][15] 0.613994
u[1][16][16] 0.727681
u[1][16][17] 0.989121
u[1][16][18] 1.342436
u[1][16][19] 1.602315
u[1][16][20] 2.998670
u[1][17][0] 1.000000
u[1][17][1] 1.000000
u[1][17][2] 0.411446
u[1][17][3] 0.309199
u[1][17][4] -0.008704
u[1][17][5] -0.199126
u[1][17][6] -0.180397
u[1][17][7] -0.288342
u[1][17][8] -0.244573
u[1][17][9] -0.093370
u[1][17][10] 0.066375
u[1][17][11] 0.176876
u[1][17][12] 0.319073
u[1][17][13] 0.608818
u[1][17][14] 0.796515
u[1][17][15] 0.924622
u[1][17][16] 0.989121
u[1][17][17] 1.189495
u[1][17][18] 1.474110
u[1][17][19] 1.649799
u[1][17][20] 2.892580
u[1][18][0] 1.000000
u[1][18][1] 1.000000
u[1][18][2] 0.535576
u[1][18][3] 0.555306
u[1][18][4] 0.349057
u[1][18][5] 0.231033
u[1][18][6] 0.320704
u[1][18][7] 0.305415
u[1][18][8] 0.394592
u[1][18][9] 0.541730
u[1][18][10] 0.716887
u[1][18][11] 0.830862
u[1][18][12] 0.935952
u[1][18][13] 1.156655
u[1][18][14] 1.279809
u[1][18][15] 1.349405
u[1][18][16] 1.342436
u[1][18][17] 1.474110
u[1][18][18] 1.651446
u[1][18][19] 1.668556
u[1][18][20] 2.722320
u[1][19][0] 1.000000
u[1][19][1] 1.000000
u[1][19][2] 0.517146
u[1][19][3] 0.607665
u[1][19][4] 0.540263
u[1][19][5] 0.491808
u[1][19][6] 0.599979
u[1][19][7] 0.654691
u[1][19][8] 0.766594
u[1][19][9] 0.919192
u[1][19][10] 1.083968
u[1][19][11] 1.216772
u[1][19][12] 1.337953
u[1][19][13] 1.499592
u[1][19][14] 1.596193
u[1][19][15] 1.636970
u[1][19][16] 1.602315
u[1][19][17] 1.649799
u[1][19][18] 1.668556
u[1][19][19] 1.529171
u[1][19][20] 2.497980
u[1][20][0] 1.000000
u[1][20][1] 1.000000
u[1][20][2] 1.000010
u[1][20][3] 1.001660
u[1][20][4] 1.019380
u[1][20][5] 1.082940
u[1][20][6] 1.214450
u[1][20][7] 1.414900
u[1][20][8] 1.668110
u[1][20][9] 1.949740
u[1][20][10] 2.234100
u[1][20][11] 2.497980
u[1][20][12] 2.722320
u[1][20][13] 2.892580
u[1][20][14] 2.998670
u[1][20][15] 3.034680
u[1][20][16] 2.998670
u[1][20][17] 2.892580
u[1][20][18] 2.722320
u[1][20][19] 2.497980
u[1][20][20] 2.234100
u[2][0][0] 0.000000
u[2][0][1] 0.000000
u[2][0][2] 0.000000
u[2][0][3] 0.000000
u[2][0][4] 0.000000
u[2][0][5] 0.000000
u[2][0][6] 0.000000
u[2][0][7] 0.000000
u[2][0][8] 0.000000
u[2][0][9] 0.000000
u[2][0][10] 0.000000
u[2][0][11] 0.000000
u[2][0][12] 0.000000
u[2][0][13] 0.000000
u[2][0][14] 0.000000
u[2][0][15] 0.000000
u[2][0][16] 0.000000
u[2][0][17] 0.000000
u[2][0][18] 0.000000
u[2][0][19] 0.000000
u[2][0][20] 0.000000
u[2][1][0] 0.000000
u[2][1][1] 0.000000
u[2][1][2] 0.000000
u[2][1][3] 0.000000
u[2][1][4] 0.000000
u[2][1][5] 0.000000
u[2][1][6] 0.000000
u[2][1][7] 0.000000
u[2][1][8] 0.000000
u[2][1][9] 0.000000
u[2][1][10] 0.000000
u[2][1][11] 0.000000
u[2][1][12] 0.000000
u[2][1][13] 0.000000
u[2][1][14] 0.000000
u[2][1][15] 0.000000
u[2][1][16] 0.000000
u[2][1][17] 0.000000
u[2][1][18] 0.000000
u[2][1][19] 0.000000
u[2][1][20] 0.000000
u[2][2][0] 0.000000
u[2][2][1] 0.000000
u[2][2][2] 0.747246
u[2][2][3] 0.855040
u[2][2][4] 0.899555
u[2][2][5] 0.880142
u[2][2][6] 0.889079
u[2][2][7] 0.858878
u[2][2][8] 0.856766
u[2][2][9] 0.713784
u[2][2][10] 0.608358
u[2][2][11] 0.549252
u[2][2][12] 0.468218
u[2][2][13] 0.417356
u[2][2][14] 0.274190
u[2][2][15] 0.230808
u[2][2][16] 0.260607
u[2][2][17] 0.397261
u[2][2][18] 0.525008
u[2][2][19] 0.632656
u[2][2][20] 0.000000
u[2][3][0] 0.000000
u[2][3][1] 0.000000
u[2][3][2] 0.855040
u[2][3][3] 0.974320
u[2][3][4] 0.976109
u[2][3][5] 0.932624
u[2][3][6] 0.974519
u[2][3][7] 1.016024
u[2][3][8] 1.013751
u[2][3][9] 0.858881
u[2][3][10] 0.723962
u[2][3][11] 0.612127
u[2][3][12] 0.475485
u[2][3][13] 0.326859
u[2][3][14] 0.079568
u[2][3][15] -0.068489
u[2][3][16] -0.043021
u[2][3][17] 0.187475
u[2][3][18] 0.432966
u[2][3][19] 0.602979
u[2][3][20] 0.000000
u[2][4][0] 0.000000
u[2][4][1] 0.000000
u[2][4][2] 0.899555
u[2][4][3] 0.976109
u[2][4][4] 0.980956
u[2][4][5] 0.961190
u[2][4][6] 0.984348
u[2][4][7] 0.950300
u[2][4][8] 0.842372
u[2][4][9] 0.671277
u[2][4][10] 0.454175
u[2][4][11] 0.254792
u[2][4][12] 0.067021
u[2][4][13] -0.150129
u[2][4][14] -0.399596
u[2][4][15] -0.555173
u[2][4][16] -0.479368
u[2][4][17] -0.155313
u[2][4][18] 0.227591
u[2][4][19] 0.533217
u[2][4][20] 0.000000
u[2][5][0] 0.000000
u[2][5][1] 0.000000
u[2][5][2] 0.880142
u[2][5][3] 0.932624
u[2][5][4] 0.961190
u[2][5][5] 1.016397
u[2][5][6] 1.033781
u[2][5][7] 0.899372
u[2][5][8] 0.789992
u[2][5][9] 0.639593
u[2][5][10] 0.365109
u[2][5][11] 0.089345
u[2][5][12] -0.160834
u[2][5][13] -0.405262
u[2][5][14] -0.683943
u[2][5][15] -0.825697
u[2][5][16] -0.737841
u[2][5][17] -0.382884
u[2][5][18] 0.086156
u[2][5][19] 0.490586
u[2][5][20] 0.000000
u[2][6][0] 0.000000
u[2][6][1] 0.000000
u[2][6][2] 0.889079
u[2][6][3] 0.974519
u[2][6][4] 0.984348
u[2][6][5] 1.033781
u[2][6][6] 1.095785
u[2][6][7] 0.990413
u[2][6][8] 0.965004
u[2][6][9] 0.870257
u[2][6][10] 0.575744
u[2][6][11] 0.246565
u[2][6][12] -0.035907
u[2][6][13] -0.285083
u[2][6][14] -0.609438
u[2][6][15] -0.794766
u[2][6][16] -0.758349
u[2][6][17] -0.387046
u[2][6][18] 0.129957
u[2][6][19] 0.560123
u[2][6][20] 0.000000
u[2][7][0] 0.000000
u[2][7][1] 0.000000
u[2][7][2] 0.858878
u[2][7][3] 1.016024
u[2][7][4] 0.950300
u[2][7][5] 0.899372
u[2][7][6] 0.990413
u[2][7][7] 0.849128
u[2][7][8] 0.769783
u[2][7][9] 0.630731
u[2][7][10] 0.275477
u[2][7][11] -0.079073
u[2][7][12] -0.328635
u[2][7][13] -0.486153
u[2][7][14] -0.732661
u[2][7][15] -0.888923
u[2][7][16] -0.867036
u[2][7][17] -0.428872
u[2][7][18] 0.168227
u[2][7][19] 0.629560
u[2][7][20] 0.000000
u[2][8][0] 0.000000
u[2][8][1] 0.000000
u[2][8][2] 0.856766
u[2][8][3] 1.013751
u[2][8][4] 0.842372
u[2][8][5] 0.789992
u[2][8][6] 0.965004
u[2][8][7] 0.769783
u[2][8][8] 0.621727
u[2][8][9] 0.393191
u[2][8][10] 0.020087
u[2][8][11] -0.338731
u[2][8][12] -0.565163
u[2][8][13] -0.599406
u[2][8][14] -0.761324
u[2][8][15] -0.858900
u[2][8][16] -0.884524
u[2][8][17] -0.435631
u[2][8][18] 0.240173
u[2][8][19] 0.761010
u[2][8][20] 0.000000
u[2][9][0] 0.000000
u[2][9][1] 0.000000
u[2][9][2] 0.713784
u[2][9][3] 0.858881
u[2][9][4] 0.671277
u[2][9][5] 0.639593
u[2][9][6] 0.870257
u[2][9][7] 0.630731
u[2][9][8] 0.393191
u[2][9][9] 0.116773
u[2][9][10] -0.217934
u[2][9][11] -0.550763
u[2][9][12] -0.732656
u[2][9][13] -0.654614
u[2][9][14] -0.692954
u[2][9][15] -0.721513
u[2][9][16] -0.782391
u[2][9][17] -0.355482
u[2][9][18] 0.314659
u[2][9][19] 0.868776
u[2][9][20] 0.000000
u[2][10][0] 0.000000
u[2][10][1] 0.000000
u[2][10][2] 0.608358
u[2][10][3] 0.723962
u[2][10][4] 0.454175
u[2][10][5] 0.365109
u[2][10][6] 0.575744
u[2][10][7] 0.275477
u[2][10][8] 0.020087
u[2][10][9] -0.217934
u[2][10][10] -0.432853
u[2][10][11] -0.673566
u[2][10][12] -0.787636
u[2][10][13] -0.597494
u[2][10][14] -0.526716
u[2][10][15] -0.473353
u[2][10][16] -0.548231
u[2][10][17] -0.152535
u[2][10][18] 0.499658
u[2][10][19] 1.053157
u[2][10][20] 0.000000
u[2][11][0] 0.000000
u[2][11][1] 0.000000
u[2][11][2] 0.549252
u[2][11][3] 0.612127
u[2][11][4] 0.254792
u[2][11][5] 0.089345
u[2][11][6] 0.246565
u[2][11][7] -0.079073
u[2][11][8] -0.338731
u[2][11][9] -0.550763
u[2][11][10] -0.673566
u[2][11][11] -0.852202
u[2][11][12] -0.912162
u[2][11][13] -0.642855
u[2][11][14] -0.485154
u[2][11][15] -0.366889
u[2][11][16] -0.432148
u[2][11][17] -0.040161
u[2][11][18] 0.610408
u[2][11][19] 1.199208
u[2][11][20] 0.000000
u[2][12][0] 0.000000
u[2][12][1] 0.000000
u[2][12][2] 0.468218
u[2][12][3] 0.475485
u[2][12][4] 0.067021
u[2][12][5] -0.160834
u[2][12][6] -0.035907
u[2][12][7] -0.328635
u[2][12][8] -0.565163
u[2][12][9] -0.732656
u[2][12][10] -0.787636
u[2][12][11] -0.912162
u[2][12][12] -0.917652
u[2][12][13] -0.599592
u[2][12][14] -0.379140
u[2][12][15] -0.235554
u[2][12][16] -0.287433
u[2][12][17] 0.092315
u[2][12][18] 0.721546
u[2][12][19] 1.336861
u[2][12][20] 0.000000
u[2][13][0] 0.000000
u[2][13][1] 0.000000
u[2][13][2] 0.417356
u[2][13][3] 0.326859
u[2][13][4] -0.150129
u[2][13][5] -0.405262
u[2][13][6] -0.285083
u[2][13][7] -0.486153
u[2][13][8] -0.599406
u[2][13][9] -0.654614
u[2][13][10] -0.597494
u[2][13][11] -0.642855
u[2][13][12] -0.599592
u[2][13][13] -0.265521
u[2][13][14] -0.042142
u[2][13][15] 0.101413
u[2][13][16] 0.051674
u[2][13][17] 0.388083
u[2][13][18] 0.959731
u[2][13][19] 1.539812
u[2][13][20] 0.000000
u[2][14][0] 0.000000
u[2][14][1] 0.000000
u[2][14][2] 0.274190
u[2][14][3] 0.079568
u[2][14][4] -0.399596
u[2][14][5] -0.683943
u[2][14][6] -0.609438
u[2][14][7] -0.732661
u[2][14][8] -0.761324
u[2][14][9] -0.692954
u[2][14][10] -0.526716
u[2][14][11] -0.485154
u[2][14][12] -0.379140
u[2][14][13] -0.042142
u[2][14][14] 0.212392
u[2][14][15] 0.365357
u[2][14][16] 0.354896
u[2][14][17] 0.648126
u[2][14][18] 1.110869
u[2][14][19] 1.643960
u[2][14][20] 0.000000
u[2][15][0] 0.000000
u[2][15][1] 0.000000
u[2][15][2] 0.230808
u[2][15][3] -0.068489
u[2][15][4] -0.555173
u[2][15][5] -0.825697
u[2][15][6] -0.794766
u[2][15][7] -0.888923
u[2][15][8] -0.858900
u[2][15][9] -0.721513
u[2][15][10] -0.473353
u[2][15][11] -0.366889
u[2][15][12] -0.235554
u[2][15][13] 0.101413
u[2][15][14] 0.365357
u[2][15][15] 0.540960
u[2][15][16] 0.565195
u[2][15][17] 0.795544
u[2][15][18] 1.186927
u[2][15][19] 1.715431
u[2][15][20] 0.000000
u[2][16][0] 0.000000
u[2][16][1] 0.000000
u[2][16][2] 0.260607
u[2][16][3] -0.043021
u[2][16][4] -0.479368
u[2][16][5] -0.737841
u[2][16][6] -0.758349
u[2][16][7] -0.867036
u[2][16][8] -0.884524
u[2][16][9] -0.782391
u[2][16][10] -0.548231
u[2][16][11] -0.432148
u[2][16][12] -0.287433
u[2][16][13] 0.051674
u[2][16][14] 0.354896
u[2][16][15] 0.565195
u[2][16][16] 0.638138
u[2][16][17] 0.856384
u[2][16][18] 1.205388
u[2][16][19] 1.714587
u[2][16][20] 0.000000
u[2][17][0] 0.000000
u[2][17][1] 0.000000
u[2][17][2] 0.397261
u[2][17][3] 0.187475
u[2][17][4] -0.155313
u[2][17][5] -0.382884
u[2][17][6] -0.387046
u[2][17][7] -0.428872
u[2][17][8] -0.435631
u[2][17][9] -0.355482
u[2][17][10] -0.152535
u[2][17][11] -0.040161
u[2][17][12] 0.092315
u[2][17][13] 0.388083
u[2][17][14] 0.648126
u[2][17][15] 0.795544
u[2][17][16] 0.856384
u[2][17][17] 1.057718
u[2][17][18] 1.337931
u[2][17][19] 1.743761
u[2][17][20] 0.000000
u[2][18][0] 0.000000
u[2][18][1] 0.000000
u[2][18][2] 0.525008
u[2][18][3] 0.432966
u[2][18][4] 0.227591
u[2][18][5] 0.086156
u[2][18][6] 0.129957
u[2][18][7] 0.168227
u[2][18][8] 0.240173
u[2][18][9] 0.314659
u[2][18][10] 0.499658
u[2][18][11] 0.610408
u[2][18][12] 0.721546
u[2][18][13] 0.959731
u[2][18][14] 1.110869
u[2][18][15] 1.186927
u[2][18][16] 1.205388
u[2][18][17] 1.337931
u[2][18][18] 1.500954
u[2][18][19] 1.746334
u[2][18][20] 0.000000
u[2][19][0] 0.000000
u[2][19][1] 0.000000
u[2][19][2] 0.632656
u[2][19][3] 0.602979
u[2][19][4] 0.533217
u[2][19][5] 0.490586
u[2][19][6] 0.560123
u[2][19][7] 0.629560
u[2][19][8] 0.761010
u[2][19][9] 0.868776
u[2][19][10] 1.053157
u[2][19][11] 1.199208
u[2][19][12] 1.336861
u[2][19][13] 1.539812
u[2][19][14] 1.643960
u[2][19][15] 1.715431
u[2][19][16] 1.714587
u[2][19][17] 1.743761
u[2][19][18] 1.746334
u[2][19][19] 1.825808
u[2][19][20] 0.000000
u[2][20][0] 0.000000
u[2][20][1] 0.000000
u[2][20][2] 0.000000
u[2][20][3] 0.000000
u[2][20][4] 0.000000
u[2][20][5] 0.000000
u[2][20][6] 0.000000
u[2][20][7] 0.000000
u[2][20][8] 0.000000
u[2][20][9] 0.000000
u[2][20][10] 0.000000
u[2][20][11] 0.000000
u[2][20][12] 0.000000
u[2][20][13] 0.000000
u[2][20][14] 0.000000
u[2][20][15] 0.000000
u[2][20][16] 0.000000
u[2][20][17] 0.000000
u[2][20][18] 0.000000
u[2][20][19] 0.000000
u[2][20][20] 0.000000
